#************************************************************************
# 
#    These are published data of the HERMES Collaboration.
#    You are free to use these data in any publication. 
#    However, you must make a reference to the following publication:
# 
#    A. Airapetian et al, Phys. Rev. D 87 (2013) 074029 
# 
#************************************************************************
# 
# K- multiplicities from HERMES
# Configuration: zx-3D (x: 9, z: 6, Php: 4)
# Target: D
# Optional settings: VM subtracted
#
#  i          mult    stat (+/-)    syst (+/-)            Q2             x             z           Php
   0  5.230424e-01  1.625715e-02  2.540676e-02  1.193097e+00  3.348903e-02  1.502482e-01  1.999360e-01
   1  6.631826e-01  2.049425e-02  3.064337e-02  1.193097e+00  3.348903e-02  1.495512e-01  4.147949e-01
   2  3.411116e-01  2.425843e-02  1.081503e-02  1.193097e+00  3.348903e-02  1.547331e-01  6.313248e-01
   3  5.677139e-02  1.716026e-02  1.652482e-03  1.193097e+00  3.348903e-02  1.532880e-01  8.620027e-01
   4  2.610135e-01  1.126119e-02  9.174452e-03  1.193097e+00  3.348903e-02  2.514029e-01  2.004368e-01
   5  3.247112e-01  1.114286e-02  1.084662e-02  1.193097e+00  3.348903e-02  2.540429e-01  4.079756e-01
   6  1.937795e-01  8.451365e-03  6.884438e-03  1.193097e+00  3.348903e-02  2.583226e-01  6.086353e-01
   7  6.150051e-02  3.752801e-03  2.337357e-03  1.193097e+00  3.348903e-02  2.580138e-01  8.830874e-01
   8  1.192389e-01  8.109281e-03  5.247537e-03  1.193097e+00  3.348903e-02  3.468753e-01  1.980878e-01
   9  2.185500e-01  1.014193e-02  9.465675e-03  1.193097e+00  3.348903e-02  3.540586e-01  4.075857e-01
  10  1.275472e-01  6.879789e-03  5.962134e-03  1.193097e+00  3.348903e-02  3.588920e-01  6.145575e-01
  11  3.585216e-02  2.236497e-03  1.545737e-03  1.193097e+00  3.348903e-02  3.611563e-01  8.863428e-01
  12  4.302234e-02  3.700698e-03  1.768962e-03  1.193097e+00  3.348903e-02  4.873459e-01  1.952745e-01
  13  8.105799e-02  4.585211e-03  3.535545e-03  1.193097e+00  3.348903e-02  4.874508e-01  4.080825e-01
  14  7.635739e-02  4.115094e-03  3.120063e-03  1.193097e+00  3.348903e-02  4.871228e-01  6.009024e-01
  15  2.400222e-02  1.179702e-03  9.313760e-04  1.193097e+00  3.348903e-02  5.017364e-01  8.977287e-01
  16  1.605484e-02  2.922121e-03  6.653039e-04  1.193097e+00  3.348903e-02  6.798511e-01  2.065162e-01
  17  2.655278e-02  3.335877e-03  1.172591e-03  1.193097e+00  3.348903e-02  6.880276e-01  4.084179e-01
  18  2.247931e-02  2.401957e-03  9.807632e-04  1.193097e+00  3.348903e-02  6.820053e-01  5.917956e-01
  19  1.028757e-02  9.693500e-04  4.384961e-04  1.193097e+00  3.348903e-02  6.760918e-01  8.719888e-01
  20  1.924412e-03  1.218963e-03  1.979793e-04  1.193097e+00  3.348903e-02  8.704616e-01  1.849868e-01
  21  4.802523e-03  1.950178e-03  1.004003e-03  1.193115e+00  3.349013e-02  8.393897e-01  3.588029e-01
  22  2.949941e-03  1.409575e-03  1.167970e-04  1.194002e+00  3.346440e-02  8.285418e-01  5.713029e-01
  23  2.943431e-03  8.464783e-04  1.019232e-04  1.193115e+00  3.349013e-02  8.578988e-01  9.735262e-01
  24  5.285919e-01  1.632240e-02  2.752859e-02  1.382232e+00  4.767331e-02  1.482096e-01  1.962673e-01
  25  6.637540e-01  2.241018e-02  3.229613e-02  1.382232e+00  4.767331e-02  1.480996e-01  4.096140e-01
  26  3.015646e-01  2.588980e-02  1.241783e-02  1.382232e+00  4.767331e-02  1.534491e-01  6.268699e-01
  27  3.745155e-02  1.788775e-02  1.352014e-03  1.382232e+00  4.767331e-02  1.840628e-01  9.733847e-01
  28  2.566328e-01  8.473051e-03  9.879877e-03  1.382232e+00  4.767331e-02  2.456214e-01  1.893971e-01
  29  3.207146e-01  1.042975e-02  1.112765e-02  1.382232e+00  4.767331e-02  2.488387e-01  3.975754e-01
  30  1.797101e-01  7.849829e-03  5.568636e-03  1.382232e+00  4.767331e-02  2.536869e-01  6.033196e-01
  31  4.545936e-02  3.735362e-03  1.278673e-03  1.382232e+00  4.767331e-02  2.631793e-01  9.192675e-01
  32  1.233301e-01  5.149873e-03  3.798654e-03  1.382232e+00  4.767331e-02  3.482787e-01  1.921486e-01
  33  1.627845e-01  7.769887e-03  4.864153e-03  1.382232e+00  4.767331e-02  3.487583e-01  3.974430e-01
  34  1.145743e-01  5.874814e-03  2.708555e-03  1.382232e+00  4.767331e-02  3.518474e-01  6.014296e-01
  35  3.374818e-02  2.029201e-03  8.613650e-04  1.382232e+00  4.767331e-02  3.546763e-01  8.721709e-01
  36  4.855782e-02  2.163755e-03  1.204359e-03  1.382232e+00  4.767331e-02  4.767028e-01  1.901609e-01
  37  8.066826e-02  3.530518e-03  2.310114e-03  1.382232e+00  4.767331e-02  4.807886e-01  3.994402e-01
  38  6.177202e-02  3.165921e-03  1.608315e-03  1.382232e+00  4.767331e-02  4.890078e-01  6.000303e-01
  39  2.093020e-02  1.121369e-03  5.281929e-04  1.382232e+00  4.767331e-02  4.940299e-01  8.760911e-01
  40  1.089055e-02  1.166954e-03  2.826200e-04  1.382232e+00  4.767331e-02  6.712085e-01  2.054957e-01
  41  2.040900e-02  1.779266e-03  6.108365e-04  1.382232e+00  4.767331e-02  6.738968e-01  3.958899e-01
  42  1.237782e-02  1.716906e-03  3.749642e-04  1.382232e+00  4.767331e-02  6.800856e-01  5.942433e-01
  43  8.957901e-03  7.215497e-04  2.191175e-04  1.382232e+00  4.767331e-02  6.864407e-01  8.713057e-01
  44  1.221151e-03  4.008252e-04  7.850591e-05  1.382405e+00  4.767399e-02  8.591663e-01  2.461687e-01
  45  3.718015e-03  7.087409e-04  1.471955e-04  1.382232e+00  4.767331e-02  8.492835e-01  4.065084e-01
  46  3.201702e-03  8.142438e-04  1.052750e-04  1.382232e+00  4.767331e-02  8.396491e-01  5.815295e-01
  47  2.114131e-04  2.681270e-04  9.753256e-06  1.383139e+00  4.767190e-02  8.274051e-01  9.531669e-01
  48  4.273496e-01  1.502706e-02  2.101154e-02  1.555334e+00  6.495400e-02  1.470839e-01  1.914382e-01
  49  6.073202e-01  2.228376e-02  2.652172e-02  1.555334e+00  6.495400e-02  1.446429e-01  4.028864e-01
  50  3.300234e-01  2.822486e-02  1.328104e-02  1.555334e+00  6.495400e-02  1.524678e-01  6.189119e-01
  51  5.706075e-02  1.781790e-02  1.868542e-03  1.555334e+00  6.495400e-02  1.653482e-01  8.797209e-01
  52  2.492852e-01  7.469125e-03  9.829979e-03  1.555334e+00  6.495400e-02  2.446821e-01  1.891454e-01
  53  2.737571e-01  9.758189e-03  1.067166e-02  1.555334e+00  6.495400e-02  2.478991e-01  3.964308e-01
  54  1.786491e-01  8.068546e-03  6.350065e-03  1.555334e+00  6.495400e-02  2.504837e-01  5.972512e-01
  55  4.221519e-02  3.407733e-03  1.416311e-03  1.555334e+00  6.495400e-02  2.526093e-01  8.729419e-01
  56  1.205922e-01  4.332193e-03  4.013077e-03  1.555334e+00  6.495400e-02  3.457068e-01  1.885992e-01
  57  1.769857e-01  7.347086e-03  6.103055e-03  1.555334e+00  6.495400e-02  3.471182e-01  3.991157e-01
  58  1.067578e-01  5.697828e-03  2.752969e-03  1.555334e+00  6.495400e-02  3.503434e-01  5.934950e-01
  59  2.513106e-02  1.702187e-03  7.561602e-04  1.555334e+00  6.495400e-02  3.502092e-01  8.584653e-01
  60  4.319225e-02  1.542408e-03  1.097926e-03  1.555334e+00  6.495400e-02  4.824337e-01  1.913935e-01
  61  7.826407e-02  3.232353e-03  1.594746e-03  1.555334e+00  6.495400e-02  4.839833e-01  3.981228e-01
  62  6.046797e-02  3.065114e-03  1.596896e-03  1.555334e+00  6.495400e-02  4.913329e-01  5.959913e-01
  63  1.599533e-02  8.707871e-04  4.109231e-04  1.555334e+00  6.495400e-02  4.927702e-01  8.476625e-01
  64  9.562257e-03  7.837667e-04  3.247252e-04  1.555334e+00  6.495400e-02  6.699035e-01  2.010799e-01
  65  1.939357e-02  1.684660e-03  6.757941e-04  1.555334e+00  6.495400e-02  6.798740e-01  4.026231e-01
  66  1.809354e-02  1.752812e-03  6.109828e-04  1.555334e+00  6.495400e-02  6.799635e-01  5.989716e-01
  67  6.587064e-03  6.195059e-04  2.276077e-04  1.555334e+00  6.495400e-02  6.698991e-01  8.696795e-01
  68  3.894772e-04  2.731473e-04  3.165510e-05  1.555500e+00  6.495552e-02  8.806044e-01  1.935222e-01
  69  1.443074e-03  3.950596e-04  4.283237e-05  1.555334e+00  6.495400e-02  8.507234e-01  3.918345e-01
  70  2.308116e-03  5.652235e-04  6.396411e-05  1.555334e+00  6.495400e-02  8.382628e-01  5.881808e-01
  71  3.604250e-04  1.076558e-04  9.245342e-06  1.555500e+00  6.495552e-02  8.365179e-01  8.874371e-01
  72  4.414333e-01  1.634814e-02  2.003658e-02  1.727795e+00  8.728510e-02  1.448756e-01  1.932615e-01
  73  5.073255e-01  2.402592e-02  2.190503e-02  1.727795e+00  8.728510e-02  1.444186e-01  4.039156e-01
  74  2.479110e-01  2.781721e-02  8.721893e-03  1.727795e+00  8.728510e-02  1.505235e-01  6.076834e-01
  75  4.588724e-02  1.628148e-02  1.324125e-03  1.728260e+00  8.728468e-02  1.531394e-01  7.950107e-01
  76  1.996295e-01  6.443195e-03  6.369140e-03  1.727795e+00  8.728510e-02  2.473516e-01  1.890593e-01
  77  2.350145e-01  9.685828e-03  9.542605e-03  1.727795e+00  8.728510e-02  2.481268e-01  4.005105e-01
  78  1.363287e-01  7.788547e-03  5.461481e-03  1.727795e+00  8.728510e-02  2.454871e-01  5.994852e-01
  79  2.561195e-02  3.169676e-03  8.427010e-04  1.727795e+00  8.728510e-02  2.517604e-01  8.567371e-01
  80  1.036152e-01  3.846821e-03  3.718700e-03  1.727795e+00  8.728510e-02  3.467006e-01  1.894074e-01
  81  1.475545e-01  7.096206e-03  4.059529e-03  1.727795e+00  8.728510e-02  3.456932e-01  3.968549e-01
  82  9.286343e-02  5.392627e-03  2.278757e-03  1.727795e+00  8.728510e-02  3.520762e-01  5.956101e-01
  83  2.124690e-02  1.659268e-03  4.757970e-04  1.727795e+00  8.728510e-02  3.479267e-01  8.487911e-01
  84  3.585617e-02  1.430117e-03  1.051716e-03  1.727795e+00  8.728510e-02  4.838828e-01  1.893640e-01
  85  6.115984e-02  2.857211e-03  1.913170e-03  1.727795e+00  8.728510e-02  4.833932e-01  4.052884e-01
  86  4.623898e-02  2.886260e-03  1.550993e-03  1.727795e+00  8.728510e-02  4.905637e-01  5.974287e-01
  87  1.439329e-02  8.762457e-04  4.129156e-04  1.727795e+00  8.728510e-02  4.917583e-01  8.384689e-01
  88  1.074168e-02  9.404496e-04  3.452416e-04  1.727795e+00  8.728510e-02  6.746762e-01  1.948290e-01
  89  2.060438e-02  1.713518e-03  6.156296e-04  1.727795e+00  8.728510e-02  6.820610e-01  3.974985e-01
  90  2.175588e-02  2.065754e-03  6.599198e-04  1.727795e+00  8.728510e-02  6.742176e-01  5.952769e-01
  91  4.584070e-03  5.537770e-04  1.221708e-04  1.727795e+00  8.728510e-02  6.822413e-01  8.417412e-01
  92  1.014904e-03  2.467968e-04  4.179083e-05  1.727795e+00  8.728510e-02  8.505555e-01  1.910471e-01
  93  3.324204e-04  3.004950e-04  5.764144e-05  1.727795e+00  8.728510e-02  8.398692e-01  4.059953e-01
  94  1.240399e-03  5.085433e-04  6.118260e-05  1.727795e+00  8.728510e-02  8.235683e-01  6.130922e-01
  95  4.711909e-04  1.453267e-04  1.449929e-05  1.727795e+00  8.728510e-02  8.265287e-01  8.775508e-01
  96  3.909076e-01  1.669631e-02  2.020626e-02  2.173184e+00  1.175628e-01  1.430453e-01  1.896268e-01
  97  5.081281e-01  2.705810e-02  2.962270e-02  2.173184e+00  1.175628e-01  1.425824e-01  3.969176e-01
  98  2.278489e-01  2.823522e-02  1.224684e-02  2.173184e+00  1.175628e-01  1.519446e-01  5.922459e-01
  99  1.989232e-02  1.091233e-02  9.764678e-04  2.173887e+00  1.175607e-01  1.583960e-01  8.193606e-01
 100  1.819708e-01  6.010395e-03  6.600183e-03  2.173184e+00  1.175628e-01  2.452040e-01  1.836878e-01
 101  2.172930e-01  9.643564e-03  7.725803e-03  2.173184e+00  1.175628e-01  2.470166e-01  3.998212e-01
 102  1.498240e-01  8.160024e-03  5.018741e-03  2.173184e+00  1.175628e-01  2.480132e-01  5.916818e-01
 103  3.269448e-02  3.441158e-03  1.090532e-03  2.173184e+00  1.175628e-01  2.479391e-01  8.451466e-01
 104  1.039298e-01  3.683360e-03  3.970129e-03  2.173184e+00  1.175628e-01  3.440502e-01  1.812547e-01
 105  1.299718e-01  6.533362e-03  4.752867e-03  2.173184e+00  1.175628e-01  3.454945e-01  3.952537e-01
 106  7.600644e-02  5.175707e-03  1.879770e-03  2.173184e+00  1.175628e-01  3.458186e-01  5.916889e-01
 107  2.127188e-02  1.815392e-03  5.242725e-04  2.173184e+00  1.175628e-01  3.516788e-01  8.478639e-01
 108  3.393808e-02  1.324659e-03  1.062376e-03  2.173184e+00  1.175628e-01  4.791713e-01  1.923756e-01
 109  5.787088e-02  2.682091e-03  2.120675e-03  2.173184e+00  1.175628e-01  4.854702e-01  4.021314e-01
 110  4.312033e-02  2.747242e-03  1.588370e-03  2.173184e+00  1.175628e-01  4.829689e-01  5.882806e-01
 111  1.197382e-02  8.518322e-04  3.083004e-04  2.173184e+00  1.175628e-01  4.895882e-01  8.528390e-01
 112  9.724228e-03  8.162026e-04  2.513594e-04  2.173184e+00  1.175628e-01  6.757385e-01  1.941356e-01
 113  1.510324e-02  1.447892e-03  3.780578e-04  2.173184e+00  1.175628e-01  6.775334e-01  3.998340e-01
 114  1.334408e-02  1.660955e-03  2.944053e-04  2.173184e+00  1.175628e-01  6.656540e-01  5.905772e-01
 115  5.482335e-03  6.058750e-04  1.300134e-04  2.173184e+00  1.175628e-01  6.849510e-01  8.258979e-01
 116  3.552284e-04  2.322587e-04  1.545162e-05  2.173887e+00  1.175607e-01  8.933977e-01  1.875446e-01
 117  5.623099e-04  2.956487e-04  2.182523e-05  2.173184e+00  1.175628e-01  8.268873e-01  4.122988e-01
 118  9.695114e-04  3.767155e-04  2.461831e-05  2.173184e+00  1.175628e-01  8.351838e-01  5.999506e-01
 119  1.293516e-04  1.039901e-04  4.898125e-06  2.173184e+00  1.175628e-01  8.149212e-01  8.248649e-01
 120  3.902978e-01  2.207065e-02  1.918907e-02  3.167230e+00  1.656179e-01  1.425129e-01  1.858094e-01
 121  5.418377e-01  3.938479e-02  3.131509e-02  3.167230e+00  1.656179e-01  1.426991e-01  3.964552e-01
 122  2.490158e-01  3.985573e-02  1.352576e-02  3.167230e+00  1.656179e-01  1.461298e-01  5.882528e-01
 123  2.747124e-02  1.879972e-02  1.474822e-03  3.168386e+00  1.656213e-01  1.516059e-01  7.663029e-01
 124  1.877718e-01  7.109142e-03  6.912418e-03  3.167230e+00  1.656179e-01  2.451641e-01  1.829429e-01
 125  2.419159e-01  1.350928e-02  8.407670e-03  3.167230e+00  1.656179e-01  2.430554e-01  4.011839e-01
 126  1.215132e-01  1.033768e-02  4.134217e-03  3.167230e+00  1.656179e-01  2.461633e-01  5.920911e-01
 127  3.147288e-02  4.372511e-03  1.012436e-03  3.167230e+00  1.656179e-01  2.472416e-01  8.167787e-01
 128  8.347621e-02  3.755502e-03  3.096928e-03  3.167230e+00  1.656179e-01  3.431657e-01  1.852016e-01
 129  1.373568e-01  7.927843e-03  4.707645e-03  3.167230e+00  1.656179e-01  3.462411e-01  3.954063e-01
 130  7.508007e-02  6.759598e-03  2.577901e-03  3.167230e+00  1.656179e-01  3.462402e-01  5.886091e-01
 131  2.666111e-02  2.573367e-03  7.853416e-04  3.167230e+00  1.656179e-01  3.436067e-01  8.497334e-01
 132  2.822918e-02  1.378130e-03  9.119929e-04  3.167230e+00  1.656179e-01  4.811104e-01  1.899569e-01
 133  5.433285e-02  2.863226e-03  1.684241e-03  3.167230e+00  1.656179e-01  4.877321e-01  3.948333e-01
 134  3.848347e-02  3.037829e-03  1.165626e-03  3.167230e+00  1.656179e-01  4.804966e-01  5.933541e-01
 135  1.043179e-02  1.010527e-03  2.380889e-04  3.167230e+00  1.656179e-01  4.898855e-01  8.499861e-01
 136  7.870196e-03  8.895419e-04  2.249625e-04  3.167230e+00  1.656179e-01  6.705041e-01  1.913501e-01
 137  1.540784e-02  1.727793e-03  4.311309e-04  3.167230e+00  1.656179e-01  6.827722e-01  3.932172e-01
 138  1.234020e-02  1.660625e-03  3.303889e-04  3.167230e+00  1.656179e-01  6.786342e-01  5.953332e-01
 139  3.570092e-03  5.888139e-04  9.462314e-05  3.167230e+00  1.656179e-01  6.729137e-01  8.578911e-01
 140  1.069068e-04  2.593196e-04  2.114180e-05  3.164431e+00  1.656024e-01  7.973395e-01  1.860797e-01
 141  1.664924e-03  5.199656e-04  5.237697e-05  3.167230e+00  1.656179e-01  8.490367e-01  4.026652e-01
 142  5.031242e-04  1.417936e-03  1.582782e-05  3.152236e+00  1.655741e-01  7.930282e-01  5.446440e-01
 143  1.496440e-04  1.106447e-04  2.681957e-05  3.167230e+00  1.656179e-01  8.315176e-01  8.206714e-01
 144  3.721579e-01  3.204782e-02  2.120066e-02  4.877871e+00  2.397462e-01  1.414264e-01  1.939284e-01
 145  5.797424e-01  6.503790e-02  3.197664e-02  4.877871e+00  2.397462e-01  1.412543e-01  4.060844e-01
 146  3.286329e-01  6.265879e-02  1.730324e-02  4.877871e+00  2.397462e-01  1.472360e-01  5.874539e-01
 147  6.376459e-02  3.316692e-02  2.638673e-03  4.877871e+00  2.397462e-01  1.681796e-01  7.952829e-01
 148  1.652793e-01  9.024821e-03  7.236636e-03  4.877871e+00  2.397462e-01  2.436298e-01  1.931061e-01
 149  2.232602e-01  1.932943e-02  9.369432e-03  4.877871e+00  2.397462e-01  2.426899e-01  3.930269e-01
 150  1.659170e-01  1.672470e-02  6.837856e-03  4.877871e+00  2.397462e-01  2.429660e-01  5.810758e-01
 151  2.613864e-02  5.974755e-03  9.946774e-04  4.877871e+00  2.397462e-01  2.470675e-01  8.252987e-01
 152  9.282277e-02  5.338279e-03  3.495796e-03  4.877871e+00  2.397462e-01  3.441342e-01  1.898417e-01
 153  1.332346e-01  1.000694e-02  4.424230e-03  4.877871e+00  2.397462e-01  3.465364e-01  3.958031e-01
 154  8.459608e-02  1.012732e-02  2.874377e-03  4.877871e+00  2.397462e-01  3.483695e-01  5.958964e-01
 155  1.463185e-02  3.327856e-03  4.030036e-04  4.877871e+00  2.397462e-01  3.643295e-01  8.768666e-01
 156  2.507050e-02  1.809362e-03  8.700948e-04  4.877871e+00  2.397462e-01  4.743477e-01  1.993957e-01
 157  4.694482e-02  3.502136e-03  1.465589e-03  4.877871e+00  2.397462e-01  4.764531e-01  4.011424e-01
 158  3.534481e-02  3.789125e-03  1.102323e-03  4.877871e+00  2.397462e-01  4.795671e-01  5.873608e-01
 159  9.558806e-03  1.446411e-03  2.557453e-04  4.877871e+00  2.397462e-01  4.887389e-01  8.544103e-01
 160  7.583252e-03  1.187102e-03  2.088669e-04  4.877871e+00  2.397462e-01  6.792903e-01  1.908798e-01
 161  9.644537e-03  1.829266e-03  2.364236e-04  4.877871e+00  2.397462e-01  6.697703e-01  4.041466e-01
 162  7.046447e-03  1.785720e-03  1.791065e-04  4.878036e+00  2.397505e-01  6.789329e-01  5.849341e-01
 163  2.101295e-03  8.022498e-04  5.664038e-05  4.877871e+00  2.397462e-01  6.845458e-01  8.736768e-01
 164  1.639636e-03  1.576082e-03  4.419637e-05  4.875724e+00  2.396912e-01  8.730078e-01  1.163732e-01
 165  9.921860e-04  4.464122e-04  2.720257e-05  4.877871e+00  2.397462e-01  8.473024e-01  3.886132e-01
 166  4.800997e-04  7.247561e-04  1.316280e-05  4.875078e+00  2.397521e-01  7.861516e-01  6.240156e-01
 167  2.523691e-04  1.478365e-04  9.177625e-06  4.877871e+00  2.397462e-01  8.338422e-01  8.158098e-01
 168  4.451928e-01  9.655191e-02  2.450816e-02  7.476752e+00  3.397011e-01  1.394038e-01  1.862614e-01
 169  5.192210e-01  1.624229e-01  3.123267e-02  7.476752e+00  3.397011e-01  1.430608e-01  3.884290e-01
 170  3.723920e-01  1.556246e-01  2.521485e-02  7.476752e+00  3.397011e-01  1.466128e-01  5.778741e-01
 171  1.252291e-01  1.541370e-01  5.863868e-03  7.485930e+00  3.397838e-01  1.660382e-01  7.417334e-01
 172  1.812607e-01  2.235956e-02  7.598100e-03  7.476752e+00  3.397011e-01  2.403461e-01  1.907116e-01
 173  2.886797e-01  4.968355e-02  1.332704e-02  7.476752e+00  3.397011e-01  2.473687e-01  4.031755e-01
 174  1.192338e-01  3.517282e-02  5.016935e-03  7.478595e+00  3.397001e-01  2.452554e-01  5.969956e-01
 175  4.067868e-02  1.568142e-02  1.676177e-03  7.478595e+00  3.397001e-01  2.358116e-01  7.991786e-01
 176  7.749277e-02  1.168256e-02  2.614343e-03  7.476752e+00  3.397011e-01  3.445498e-01  2.004590e-01
 177  1.314172e-01  2.271115e-02  4.684805e-03  7.476752e+00  3.397011e-01  3.464893e-01  3.989552e-01
 178  9.459653e-02  2.790855e-02  2.864304e-03  7.478595e+00  3.397001e-01  3.454583e-01  5.794731e-01
 179  2.017726e-02  7.708040e-03  5.185598e-04  7.476752e+00  3.397011e-01  3.442381e-01  8.541317e-01
 180  2.608104e-02  4.209736e-03  6.351034e-04  7.476752e+00  3.397011e-01  4.718655e-01  2.013637e-01
 181  5.792683e-02  8.773786e-03  1.370815e-03  7.476752e+00  3.397011e-01  4.795551e-01  3.953304e-01
 182  2.129496e-02  7.865070e-03  4.923433e-04  7.476752e+00  3.397011e-01  4.775622e-01  5.886640e-01
 183  1.634367e-02  4.304492e-03  4.036023e-04  7.476752e+00  3.397011e-01  4.809214e-01  8.843384e-01
 184  6.112001e-03  2.681354e-03  1.999383e-04  7.476752e+00  3.397011e-01  6.385112e-01  2.214771e-01
 185  9.048556e-03  4.315504e-03  2.578544e-04  7.476752e+00  3.397011e-01  6.853434e-01  4.107182e-01
 186  6.492709e-03  3.888470e-03  1.751869e-04  7.476752e+00  3.397011e-01  6.639399e-01  5.906570e-01
 187  5.894622e-03  1.914893e-03  1.802818e-04  7.478595e+00  3.397001e-01  6.500292e-01  8.080126e-01
 188  1.914126e-03  1.156211e-03  6.723837e-05  7.481915e+00  3.397754e-01  9.073490e-01  1.995616e-01
 189  4.975426e-04  1.894410e-03  1.747740e-05  7.469332e+00  3.395943e-01  9.671009e-01  4.815550e-01
 190  1.677913e-03  1.158161e-03  7.612909e-05  7.478595e+00  3.397001e-01  8.247216e-01  5.633440e-01
 191  4.284827e-04  5.489291e-04  1.944082e-05  7.469332e+00  3.395943e-01  8.192806e-01  8.080467e-01
 192  1.029417e+00  3.088392e-01  6.642996e-02  1.023497e+01  4.514519e-01  1.426907e-01  1.758359e-01
 193  9.187733e-01  6.271371e-01  5.928994e-02  1.025287e+01  4.519978e-01  1.314329e-01  3.514962e-01
 194  4.795735e-01  5.503925e-01  3.094766e-02  1.026104e+01  4.522673e-01  1.551906e-01  5.539872e-01
 195  4.276170e-01  4.276333e-01  2.306140e-02  1.021832e+01  4.509441e-01  1.735693e-01  7.665033e-01
 196  1.653526e-01  4.886549e-02  8.017501e-03  1.023497e+01  4.514519e-01  2.458343e-01  1.896005e-01
 197  2.856359e-01  9.695400e-02  1.650203e-02  1.023497e+01  4.514519e-01  2.444423e-01  3.861368e-01
 198  2.588467e-01  8.733758e-02  1.071209e-02  1.023497e+01  4.514519e-01  2.557680e-01  5.914888e-01
 199  5.978918e-02  4.825384e-02  2.474311e-03  1.026104e+01  4.522673e-01  2.290222e-01  8.493339e-01
 200  1.017427e-01  2.732883e-02  3.068356e-03  1.023497e+01  4.514519e-01  3.408859e-01  2.033206e-01
 201  1.553924e-01  5.316110e-02  4.677191e-03  1.023497e+01  4.514519e-01  3.434617e-01  4.238739e-01
 202  1.316818e-01  5.539429e-02  4.295528e-03  1.023497e+01  4.514519e-01  3.476804e-01  5.991353e-01
 203  3.598836e-02  2.672787e-02  1.173959e-03  1.026104e+01  4.522673e-01  3.710895e-01  9.056826e-01
 204  1.650458e-02  8.470764e-03  4.859671e-04  1.023720e+01  4.515289e-01  4.305424e-01  1.551647e-01
 205  8.798196e-02  2.184906e-02  2.299457e-03  1.023497e+01  4.514519e-01  4.604005e-01  4.028991e-01
 206  4.154243e-02  2.137278e-02  1.075626e-03  1.023497e+01  4.514519e-01  4.556013e-01  5.871258e-01
 207  1.081993e-02  7.900220e-03  3.011665e-04  1.023720e+01  4.515289e-01  4.689185e-01  8.018494e-01
 208  1.748249e-03  6.393118e-03  4.866151e-05  1.026104e+01  4.522673e-01  6.309398e-01  1.840557e-01
 209  8.545548e-03  1.095797e-02  3.073518e-04  1.021832e+01  4.509441e-01  6.598084e-01  4.164507e-01
 210  1.179569e-02  1.005868e-02  4.490737e-04  1.023720e+01  4.515289e-01  6.878280e-01  5.987215e-01
 211  9.846598e-03  8.735374e-03  3.757250e-04  1.021832e+01  4.509441e-01  6.564533e-01  8.017272e-01
 212  0.000000e+00  0.000000e+00  0.000000e+00  0.000000e+00  0.000000e+00  0.000000e+00  0.000000e+00
 213  0.000000e+00  0.000000e+00  0.000000e+00  0.000000e+00  0.000000e+00  0.000000e+00  0.000000e+00
 214  0.000000e+00  0.000000e+00  0.000000e+00  0.000000e+00  0.000000e+00  0.000000e+00  0.000000e+00
 215  0.000000e+00  0.000000e+00  0.000000e+00  0.000000e+00  0.000000e+00  0.000000e+00  0.000000e+00
