#************************************************************************
# 
#    These are published data of the HERMES Collaboration.
#    You are free to use these data in any publication. 
#    However, you must make a reference to the following publication:
# 
#    A. Airapetian et al, Phys. Rev. D 87 (2013) 074029 
# 
#************************************************************************
# 
# K+ multiplicities from HERMES
# Configuration: zx-3D (x: 9, z: 6, Php: 4)
# Target: H
# Optional settings: VM subtracted
#
#  i          mult    stat (+/-)    syst (+/-)            Q2             x             z           Php
   0  7.408977e-01  2.223504e-02  1.812644e-01  1.193053e+00  3.352578e-02  1.533926e-01  2.053698e-01
   1  8.758517e-01  2.699286e-02  2.118065e-01  1.193053e+00  3.352578e-02  1.561779e-01  4.338808e-01
   2  4.349447e-01  2.974024e-02  1.040932e-01  1.193053e+00  3.352578e-02  1.618219e-01  6.594063e-01
   3  1.172143e-01  2.448862e-02  2.796553e-02  1.193053e+00  3.352578e-02  1.614563e-01  9.036949e-01
   4  4.083520e-01  1.587370e-02  9.731432e-02  1.193053e+00  3.352578e-02  2.534074e-01  1.994625e-01
   5  5.097120e-01  1.554299e-02  1.188609e-01  1.193053e+00  3.352578e-02  2.579918e-01  4.130298e-01
   6  3.286860e-01  1.239512e-02  5.849959e-02  1.193053e+00  3.352578e-02  2.624296e-01  6.209783e-01
   7  8.173122e-02  4.844332e-03  1.445891e-02  1.193053e+00  3.352578e-02  2.683862e-01  9.133090e-01
   8  2.357280e-01  1.263143e-02  4.199699e-02  1.193053e+00  3.352578e-02  3.494112e-01  1.947638e-01
   9  3.562669e-01  1.506102e-02  1.507998e-01  1.193053e+00  3.352578e-02  3.558174e-01  4.085219e-01
  10  2.301826e-01  1.036492e-02  5.846252e-02  1.193053e+00  3.352578e-02  3.586019e-01  6.100147e-01
  11  7.072094e-02  3.599762e-03  1.795539e-02  1.193053e+00  3.352578e-02  3.628510e-01  8.958590e-01
  12  9.128015e-02  6.426516e-03  2.320904e-02  1.193053e+00  3.352578e-02  4.831998e-01  1.925409e-01
  13  1.682059e-01  7.924219e-03  4.281281e-02  1.193053e+00  3.352578e-02  4.954212e-01  4.085045e-01
  14  1.744797e-01  7.397635e-03  4.432790e-02  1.193053e+00  3.352578e-02  5.055611e-01  6.088141e-01
  15  5.713760e-02  2.213722e-03  1.451427e-02  1.193053e+00  3.352578e-02  5.065368e-01  8.866140e-01
  16  3.385197e-02  4.647339e-03  8.595186e-03  1.193053e+00  3.352578e-02  6.752629e-01  1.946340e-01
  17  6.504520e-02  5.313434e-03  2.326659e-02  1.193053e+00  3.352578e-02  6.779698e-01  4.077163e-01
  18  7.971779e-02  5.166771e-03  3.363240e-02  1.193053e+00  3.352578e-02  6.877411e-01  5.951952e-01
  19  4.178298e-02  2.232018e-03  1.761532e-02  1.193053e+00  3.352578e-02  6.886152e-01  8.872071e-01
  20  6.160247e-03  2.295326e-03  2.628796e-03  1.193053e+00  3.352578e-02  8.272293e-01  1.961603e-01
  21  1.601734e-02  3.712212e-03  5.739365e-03  1.193053e+00  3.352578e-02  8.701323e-01  4.136202e-01
  22  1.465792e-02  4.171059e-03  6.184327e-03  1.193053e+00  3.352578e-02  8.497783e-01  5.980851e-01
  23  6.677398e-03  1.336769e-03  2.814125e-03  1.193053e+00  3.352578e-02  8.531776e-01  8.804776e-01
  24  6.986432e-01  2.129911e-02  5.407403e-02  1.378543e+00  4.769428e-02  1.506869e-01  1.985132e-01
  25  7.955121e-01  2.884660e-02  3.154315e-01  1.378543e+00  4.769428e-02  1.535837e-01  4.234521e-01
  26  4.068140e-01  3.321854e-02  1.605028e-01  1.378543e+00  4.769428e-02  1.555478e-01  6.295389e-01
  27  9.270154e-02  2.293072e-02  3.652419e-02  1.378543e+00  4.769428e-02  1.496370e-01  8.135172e-01
  28  4.471027e-01  1.236538e-02  1.719682e-01  1.378543e+00  4.769428e-02  2.466380e-01  1.933821e-01
  29  5.038513e-01  1.443118e-02  1.681804e-01  1.378543e+00  4.769428e-02  2.523800e-01  3.995811e-01
  30  2.717757e-01  1.126731e-02  1.967988e-02  1.378543e+00  4.769428e-02  2.568513e-01  6.100349e-01
  31  6.978919e-02  4.791066e-03  4.690952e-03  1.378543e+00  4.769428e-02  2.602989e-01  8.892230e-01
  32  2.480659e-01  8.389156e-03  1.644211e-02  1.378543e+00  4.769428e-02  3.475293e-01  1.896881e-01
  33  3.625948e-01  1.244825e-02  1.122471e-01  1.378543e+00  4.769428e-02  3.478249e-01  4.001583e-01
  34  2.284464e-01  9.269557e-03  3.595652e-02  1.378543e+00  4.769428e-02  3.509088e-01  5.980043e-01
  35  4.501973e-02  2.747047e-03  7.092864e-03  1.378543e+00  4.769428e-02  3.606034e-01  8.844458e-01
  36  9.391729e-02  3.563676e-03  1.468488e-02  1.378543e+00  4.769428e-02  4.802077e-01  1.944199e-01
  37  1.808561e-01  6.144951e-03  2.797790e-02  1.378543e+00  4.769428e-02  4.865829e-01  4.008919e-01
  38  1.645251e-01  5.936738e-03  7.044219e-02  1.378543e+00  4.769428e-02  4.932948e-01  5.978293e-01
  39  4.944777e-02  1.858539e-03  2.117633e-02  1.378543e+00  4.769428e-02  5.002325e-01  8.681419e-01
  40  2.827679e-02  2.184463e-03  1.209987e-02  1.378543e+00  4.769428e-02  6.811516e-01  2.029656e-01
  41  6.906583e-02  4.199184e-03  2.830550e-02  1.378543e+00  4.769428e-02  6.894140e-01  4.029543e-01
  42  7.586233e-02  4.079840e-03  2.235458e-02  1.378543e+00  4.769428e-02  6.851271e-01  5.970681e-01
  43  3.058499e-02  1.576853e-03  9.011991e-03  1.378543e+00  4.769428e-02  6.858166e-01  8.675845e-01
  44  6.450848e-03  6.820700e-04  1.898318e-03  1.378543e+00  4.769428e-02  8.684861e-01  2.059762e-01
  45  1.862344e-02  1.717167e-03  7.635965e-03  1.378543e+00  4.769428e-02  8.765342e-01  4.075039e-01
  46  1.444946e-02  1.327804e-03  4.260240e-03  1.378543e+00  4.769428e-02  8.710612e-01  5.934758e-01
  47  4.499471e-03  4.225467e-04  1.327009e-03  1.378543e+00  4.769428e-02  8.597652e-01  8.502490e-01
  48  6.124723e-01  2.070306e-02  1.241532e-01  1.546139e+00  6.499065e-02  1.496444e-01  1.980734e-01
  49  7.739022e-01  2.889508e-02  2.735575e-01  1.546139e+00  6.499065e-02  1.477855e-01  4.101107e-01
  50  3.267603e-01  3.199316e-02  1.150003e-01  1.546139e+00  6.499065e-02  1.563610e-01  6.319402e-01
  51  6.518053e-02  2.323587e-02  2.289468e-02  1.547447e+00  6.498912e-02  1.736619e-01  9.282008e-01
  52  3.924613e-01  1.015915e-02  1.124879e-01  1.546139e+00  6.499065e-02  2.476592e-01  1.925721e-01
  53  4.560400e-01  1.358506e-02  2.050728e-01  1.546139e+00  6.499065e-02  2.500989e-01  3.950331e-01
  54  2.172045e-01  9.859404e-03  2.796758e-02  1.546139e+00  6.499065e-02  2.530947e-01  5.934252e-01
  55  4.371338e-02  3.943807e-03  5.597956e-03  1.546139e+00  6.499065e-02  2.581924e-01  9.006450e-01
  56  2.554380e-01  7.108047e-03  3.303248e-02  1.546139e+00  6.499065e-02  3.473269e-01  1.942145e-01
  57  3.863992e-01  1.213245e-02  7.774734e-02  1.546139e+00  6.499065e-02  3.477583e-01  3.994228e-01
  58  1.899450e-01  8.221797e-03  3.493778e-02  1.546139e+00  6.499065e-02  3.514735e-01  5.946912e-01
  59  4.184202e-02  2.627366e-03  7.704982e-03  1.546139e+00  6.499065e-02  3.590913e-01  8.672151e-01
  60  1.046704e-01  2.796984e-03  1.911561e-02  1.546139e+00  6.499065e-02  4.812485e-01  1.999973e-01
  61  1.901519e-01  5.508580e-03  3.480858e-02  1.546139e+00  6.499065e-02  4.839014e-01  4.001487e-01
  62  1.523209e-01  5.350491e-03  4.925166e-02  1.546139e+00  6.499065e-02  4.935586e-01  5.929986e-01
  63  4.161987e-02  1.650085e-03  1.347916e-02  1.546139e+00  6.499065e-02  5.013808e-01  8.528412e-01
  64  3.037258e-02  1.831294e-03  9.838140e-03  1.546139e+00  6.499065e-02  6.869812e-01  2.007261e-01
  65  7.871881e-02  3.696037e-03  2.551878e-02  1.546139e+00  6.499065e-02  6.866291e-01  4.064770e-01
  66  6.978479e-02  3.999638e-03  1.094671e-02  1.546139e+00  6.499065e-02  6.877166e-01  5.977104e-01
  67  3.197620e-02  1.625038e-03  5.019261e-03  1.546139e+00  6.499065e-02  6.912903e-01  8.520172e-01
  68  1.109554e-02  7.776064e-04  1.740070e-03  1.546139e+00  6.499065e-02  8.750874e-01  1.911935e-01
  69  2.213606e-02  1.516585e-03  3.534041e-03  1.546139e+00  6.499065e-02  8.718782e-01  3.966184e-01
  70  1.996624e-02  1.466479e-03  3.187287e-03  1.546139e+00  6.499065e-02  8.679162e-01  5.960458e-01
  71  6.514119e-03  4.851549e-04  1.036314e-03  1.546139e+00  6.499065e-02  8.572356e-01  8.860945e-01
  72  5.766910e-01  2.113427e-02  1.924896e-01  1.713564e+00  8.733686e-02  1.459252e-01  1.972817e-01
  73  7.163413e-01  3.256323e-02  1.677248e-01  1.713564e+00  8.733686e-02  1.451216e-01  3.998184e-01
  74  2.760316e-01  3.181738e-02  6.393809e-02  1.713564e+00  8.733686e-02  1.525714e-01  6.036184e-01
  75  2.686369e-02  1.354247e-02  6.185054e-03  1.713564e+00  8.733686e-02  1.558519e-01  7.934427e-01
  76  3.612309e-01  9.703511e-03  5.924171e-02  1.713564e+00  8.733686e-02  2.486751e-01  1.919226e-01
  77  3.919447e-01  1.354251e-02  1.495643e-01  1.713564e+00  8.733686e-02  2.480731e-01  3.917982e-01
  78  2.007443e-01  1.021222e-02  4.456790e-02  1.713564e+00  8.733686e-02  2.514905e-01  6.002065e-01
  79  3.746864e-02  4.150402e-03  8.285498e-03  1.713564e+00  8.733686e-02  2.599131e-01  8.784067e-01
  80  2.348399e-01  6.589721e-03  5.223270e-02  1.713564e+00  8.733686e-02  3.461854e-01  1.922244e-01
  81  3.138750e-01  1.133540e-02  2.861845e-02  1.713564e+00  8.733686e-02  3.503426e-01  3.971559e-01
  82  1.654225e-01  7.897481e-03  4.997253e-02  1.713564e+00  8.733686e-02  3.500933e-01  5.900567e-01
  83  3.956582e-02  2.506901e-03  1.195091e-02  1.713564e+00  8.733686e-02  3.510986e-01  8.544193e-01
  84  1.034339e-01  2.841655e-03  3.114313e-02  1.713564e+00  8.733686e-02  4.836388e-01  1.946696e-01
  85  1.986477e-01  5.695387e-03  5.997886e-02  1.713564e+00  8.733686e-02  4.893300e-01  3.997076e-01
  86  1.470535e-01  5.583684e-03  2.297107e-02  1.713564e+00  8.733686e-02  4.987203e-01  5.946979e-01
  87  3.385330e-02  1.474788e-03  5.259230e-03  1.713564e+00  8.733686e-02  5.033855e-01  8.489185e-01
  88  4.496011e-02  2.156819e-03  6.891387e-03  1.713564e+00  8.733686e-02  6.940337e-01  1.989154e-01
  89  7.582543e-02  3.817042e-03  3.562880e-02  1.713564e+00  8.733686e-02  6.877996e-01  4.063217e-01
  90  9.672901e-02  4.802480e-03  8.109946e-03  1.713564e+00  8.733686e-02  6.857951e-01  5.953439e-01
  91  3.360361e-02  1.759263e-03  2.860616e-03  1.713564e+00  8.733686e-02  6.924588e-01  8.475260e-01
  92  1.159837e-02  8.059997e-04  9.972711e-04  1.713564e+00  8.733686e-02  8.700825e-01  1.996080e-01
  93  2.160573e-02  1.393676e-03  1.015434e-02  1.713564e+00  8.733686e-02  8.700018e-01  4.004300e-01
  94  1.865640e-02  1.698634e-03  1.613477e-03  1.713564e+00  8.733686e-02  8.682079e-01  5.999980e-01
  95  9.199671e-03  6.764971e-04  8.068933e-04  1.713564e+00  8.733686e-02  8.631650e-01  8.531936e-01
  96  5.573369e-01  2.233924e-02  1.911915e-01  2.159913e+00  1.176152e-01  1.439067e-01  1.886131e-01
  97  6.818342e-01  3.558441e-02  9.464791e-02  2.159913e+00  1.176152e-01  1.455867e-01  4.000506e-01
  98  3.264997e-01  3.413059e-02  4.340299e-02  2.159913e+00  1.176152e-01  1.507297e-01  5.925272e-01
  99  3.592779e-02  1.317915e-02  4.695821e-03  2.159913e+00  1.176152e-01  1.582523e-01  7.902967e-01
 100  3.350904e-01  9.024975e-03  1.483559e-02  2.159913e+00  1.176152e-01  2.463933e-01  1.903521e-01
 101  3.455581e-01  1.343165e-02  2.072646e-02  2.159913e+00  1.176152e-01  2.476307e-01  3.946906e-01
 102  1.837081e-01  1.051758e-02  6.982492e-02  2.159913e+00  1.176152e-01  2.504969e-01  5.880486e-01
 103  3.945742e-02  3.859351e-03  1.495739e-02  2.159913e+00  1.176152e-01  2.500395e-01  8.364777e-01
 104  2.298691e-01  5.979514e-03  8.735839e-02  2.159913e+00  1.176152e-01  3.462387e-01  1.924452e-01
 105  3.093374e-01  1.085042e-02  4.319514e-02  2.159913e+00  1.176152e-01  3.487041e-01  3.976509e-01
 106  1.793278e-01  8.502484e-03  8.853120e-02  2.159913e+00  1.176152e-01  3.500804e-01  5.820476e-01
 107  3.122362e-02  2.380860e-03  1.540823e-02  2.159913e+00  1.176152e-01  3.512244e-01  8.422154e-01
 108  1.110467e-01  2.719781e-03  5.480460e-02  2.159913e+00  1.176152e-01  4.839402e-01  1.943731e-01
 109  1.810934e-01  5.296566e-03  7.812882e-02  2.159913e+00  1.176152e-01  4.910334e-01  4.001040e-01
 110  1.447884e-01  5.530323e-03  1.606824e-02  2.159913e+00  1.176152e-01  4.946374e-01  5.888790e-01
 111  2.978699e-02  1.494503e-03  3.308716e-03  2.159913e+00  1.176152e-01  4.987943e-01  8.360126e-01
 112  4.124176e-02  2.088024e-03  4.563276e-03  2.159913e+00  1.176152e-01  6.886181e-01  1.955240e-01
 113  9.126398e-02  3.909650e-03  2.677212e-02  2.159913e+00  1.176152e-01  6.877331e-01  4.018891e-01
 114  7.622839e-02  4.232471e-03  1.147506e-02  2.159913e+00  1.176152e-01  6.817575e-01  5.955486e-01
 115  3.022340e-02  1.682037e-03  4.511951e-03  2.159913e+00  1.176152e-01  6.929564e-01  8.613280e-01
 116  1.361426e-02  8.453204e-04  2.041052e-03  2.159913e+00  1.176152e-01  8.773385e-01  1.993319e-01
 117  2.040773e-02  1.331534e-03  5.982265e-03  2.159913e+00  1.176152e-01  8.757391e-01  4.033674e-01
 118  1.979442e-02  1.635368e-03  2.984835e-03  2.159913e+00  1.176152e-01  8.771605e-01  5.918383e-01
 119  7.627538e-03  6.651144e-04  1.148323e-03  2.159913e+00  1.176152e-01  8.612476e-01  8.525708e-01
 120  5.576872e-01  2.768606e-02  2.279680e-01  3.161097e+00  1.658096e-01  1.448177e-01  1.874096e-01
 121  6.095123e-01  4.662137e-02  9.740367e-02  3.161097e+00  1.658096e-01  1.432928e-01  3.917153e-01
 122  2.399651e-01  4.345970e-02  3.771076e-02  3.161097e+00  1.658096e-01  1.460098e-01  5.806354e-01
 123  1.897627e-02  5.036235e-02  2.982140e-03  3.149317e+00  1.657270e-01  1.457610e-01  7.587502e-01
 124  3.273146e-01  1.042881e-02  6.500609e-02  3.161097e+00  1.658096e-01  2.475981e-01  1.866075e-01
 125  3.779207e-01  1.784917e-02  7.464426e-02  3.161097e+00  1.658096e-01  2.469617e-01  3.977230e-01
 126  2.195714e-01  1.545567e-02  7.439030e-02  3.161097e+00  1.658096e-01  2.485159e-01  5.897264e-01
 127  3.140390e-02  5.088011e-03  1.060794e-02  3.161097e+00  1.658096e-01  2.497432e-01  8.411007e-01
 128  2.508956e-01  7.190007e-03  9.550649e-02  3.161097e+00  1.658096e-01  3.465324e-01  1.913949e-01
 129  3.051672e-01  1.299904e-02  1.035640e-01  3.161097e+00  1.658096e-01  3.470505e-01  3.948656e-01
 130  1.828422e-01  1.162152e-02  6.196625e-02  3.161097e+00  1.658096e-01  3.465092e-01  5.846859e-01
 131  3.361613e-02  3.006875e-03  1.138498e-02  3.161097e+00  1.658096e-01  3.480938e-01  8.311297e-01
 132  1.064507e-01  3.180855e-03  4.688499e-02  3.161097e+00  1.658096e-01  4.843142e-01  1.935002e-01
 133  1.946634e-01  6.251472e-03  3.622163e-02  3.161097e+00  1.658096e-01  4.883700e-01  3.978908e-01
 134  1.419337e-01  6.600725e-03  3.152381e-02  3.161097e+00  1.658096e-01  4.920266e-01  5.908728e-01
 135  3.573435e-02  2.063663e-03  7.877532e-03  3.161097e+00  1.658096e-01  5.075920e-01  8.422843e-01
 136  4.225353e-02  2.403221e-03  9.470458e-03  3.161097e+00  1.658096e-01  6.852178e-01  1.928981e-01
 137  8.273868e-02  4.302978e-03  1.271467e-02  3.161097e+00  1.658096e-01  6.845442e-01  4.041124e-01
 138  6.734552e-02  4.437122e-03  1.553810e-02  3.161097e+00  1.658096e-01  6.858992e-01  5.951554e-01
 139  2.979428e-02  1.883249e-03  6.894205e-03  3.161097e+00  1.658096e-01  6.897561e-01  8.531215e-01
 140  1.425392e-02  9.666769e-04  3.213653e-03  3.161097e+00  1.658096e-01  8.804589e-01  1.936248e-01
 141  2.276040e-02  1.701772e-03  3.518339e-03  3.161097e+00  1.658096e-01  8.755369e-01  4.026785e-01
 142  1.631889e-02  1.624000e-03  3.779526e-03  3.161097e+00  1.658096e-01  8.673288e-01  5.956997e-01
 143  4.200045e-03  5.356981e-04  9.727443e-04  3.161097e+00  1.658096e-01  8.565899e-01  8.603124e-01
 144  6.075156e-01  4.233347e-02  8.457362e-02  4.883031e+00  2.402296e-01  1.439896e-01  1.877370e-01
 145  7.380795e-01  7.412250e-02  1.023167e-01  4.883031e+00  2.402296e-01  1.446462e-01  4.030788e-01
 146  3.705004e-01  7.749543e-02  5.052795e-02  4.883734e+00  2.402415e-01  1.453240e-01  5.759545e-01
 147  5.355164e-02  4.009862e-02  7.273861e-03  4.883734e+00  2.402415e-01  1.548680e-01  8.229829e-01
 148  3.595644e-01  1.443012e-02  4.780153e-02  4.883031e+00  2.402296e-01  2.482891e-01  1.862716e-01
 149  4.872455e-01  2.841586e-02  6.474199e-02  4.883031e+00  2.402296e-01  2.468118e-01  3.900217e-01
 150  2.546250e-01  2.289053e-02  4.182621e-02  4.883031e+00  2.402296e-01  2.485491e-01  5.847700e-01
 151  5.478886e-02  9.856843e-03  8.976805e-03  4.883031e+00  2.402296e-01  2.439843e-01  8.252690e-01
 152  2.581615e-01  9.649380e-03  3.713613e-02  4.883031e+00  2.402296e-01  3.465164e-01  1.908103e-01
 153  3.358310e-01  1.761647e-02  4.878210e-02  4.883031e+00  2.402296e-01  3.495990e-01  3.966933e-01
 154  2.046725e-01  1.673826e-02  2.962010e-02  4.883031e+00  2.402296e-01  3.461715e-01  5.883607e-01
 155  2.951932e-02  4.565539e-03  4.264735e-03  4.883031e+00  2.402296e-01  3.500846e-01  8.368181e-01
 156  1.250551e-01  4.497862e-03  5.208056e-02  4.883031e+00  2.402296e-01  4.883228e-01  1.961686e-01
 157  1.776625e-01  7.799394e-03  1.718390e-02  4.883031e+00  2.402296e-01  4.887175e-01  3.965539e-01
 158  1.508318e-01  8.502537e-03  7.527260e-02  4.883031e+00  2.402296e-01  4.935481e-01  5.912789e-01
 159  4.115919e-02  3.167976e-03  2.054417e-02  4.883031e+00  2.402296e-01  5.025647e-01  8.358299e-01
 160  4.917279e-02  3.368122e-03  2.452213e-02  4.883031e+00  2.402296e-01  6.883628e-01  1.972235e-01
 161  8.054801e-02  5.780802e-03  2.265861e-02  4.883031e+00  2.402296e-01  6.849166e-01  3.988594e-01
 162  6.309779e-02  5.577445e-03  2.516007e-02  4.883031e+00  2.402296e-01  6.883408e-01  5.964229e-01
 163  2.009211e-02  2.122464e-03  8.012485e-03  4.883031e+00  2.402296e-01  6.916330e-01  8.693723e-01
 164  1.284500e-02  1.264239e-03  5.118746e-03  4.883031e+00  2.402296e-01  8.719064e-01  1.926761e-01
 165  2.000955e-02  2.198825e-03  5.628424e-03  4.883031e+00  2.402296e-01  8.762372e-01  3.989241e-01
 166  1.603527e-02  2.193579e-03  6.400716e-03  4.883031e+00  2.402296e-01  8.681655e-01  6.005578e-01
 167  5.520126e-03  7.575918e-04  2.201266e-03  4.883031e+00  2.402296e-01  8.572976e-01  8.487109e-01
 168  7.228599e-01  1.169760e-01  9.881165e-02  7.485026e+00  3.401204e-01  1.461011e-01  1.790960e-01
 169  1.641110e-01  1.783407e-01  4.964617e-02  7.483440e+00  3.400733e-01  1.479200e-01  3.935514e-01
 170  3.539724e-01  2.459069e-01  5.111728e-02  7.486365e+00  3.399951e-01  1.547200e-01  6.100820e-01
 171  4.272184e-02  7.732613e-02  6.164515e-03  7.486365e+00  3.399951e-01  1.685344e-01  7.074146e-01
 172  3.746812e-01  3.272734e-02  4.969990e-02  7.485026e+00  3.401204e-01  2.479185e-01  1.854300e-01
 173  4.770817e-01  6.439066e-02  6.552314e-02  7.485026e+00  3.401204e-01  2.474516e-01  3.904979e-01
 174  2.375912e-01  5.487368e-02  4.075314e-02  7.485026e+00  3.401204e-01  2.481582e-01  6.041644e-01
 175  6.610723e-02  2.475762e-02  1.118623e-02  7.483440e+00  3.400733e-01  2.522969e-01  8.210416e-01
 176  2.672169e-01  2.278835e-02  3.804954e-02  7.485026e+00  3.401204e-01  3.457890e-01  1.947360e-01
 177  3.912261e-01  4.049506e-02  5.716249e-02  7.485026e+00  3.401204e-01  3.476716e-01  3.940173e-01
 178  1.375612e-01  3.749162e-02  2.019980e-02  7.485026e+00  3.401204e-01  3.510324e-01  5.857749e-01
 179  4.874929e-02  1.324779e-02  7.215447e-03  7.485026e+00  3.401204e-01  3.466032e-01  8.338877e-01
 180  1.369659e-01  1.083210e-02  5.700041e-02  7.485026e+00  3.401204e-01  4.905135e-01  1.911316e-01
 181  1.790687e-01  1.651850e-02  1.732724e-02  7.485026e+00  3.401204e-01  4.891059e-01  3.947573e-01
 182  1.331614e-01  1.636065e-02  6.651500e-02  7.485026e+00  3.401204e-01  4.874049e-01  5.905879e-01
 183  2.181609e-02  5.986029e-03  1.089511e-02  7.483440e+00  3.400733e-01  5.080227e-01  8.412453e-01
 184  4.767835e-02  7.919371e-03  2.379373e-02  7.485026e+00  3.401204e-01  6.843529e-01  1.959860e-01
 185  7.853959e-02  1.303511e-02  2.210393e-02  7.485026e+00  3.401204e-01  6.864614e-01  3.953705e-01
 186  6.322236e-02  1.121420e-02  2.523358e-02  7.485026e+00  3.401204e-01  6.791707e-01  5.915578e-01
 187  3.117769e-02  4.876321e-03  1.244208e-02  7.485026e+00  3.401204e-01  6.855070e-01  8.485839e-01
 188  9.637129e-03  2.812342e-03  3.842802e-03  7.485026e+00  3.401204e-01  8.772449e-01  1.849535e-01
 189  2.735131e-02  5.414794e-03  7.699636e-03  7.485026e+00  3.401204e-01  8.786654e-01  4.028143e-01
 190  1.943791e-02  5.612443e-03  7.764969e-03  7.483440e+00  3.400733e-01  8.691127e-01  5.862100e-01
 191  7.704202e-03  2.088687e-03  3.074065e-03  7.485026e+00  3.401204e-01  8.635672e-01  7.851378e-01
 192  6.280667e-01  2.496785e-01  8.981228e-02  1.024320e+01  4.520868e-01  1.478346e-01  1.919131e-01
 193  8.343199e-01  4.260809e-01  1.179664e-01  1.024320e+01  4.520868e-01  1.379884e-01  3.712153e-01
 194  1.145590e+00  4.501714e-01  1.578097e-01  1.024258e+01  4.519882e-01  1.455483e-01  5.907282e-01
 195  1.193494e-01  1.714975e-01  1.644086e-02  1.022944e+01  4.518237e-01  1.417092e-01  8.339392e-01
 196  4.820531e-01  7.487140e-02  6.480748e-02  1.024320e+01  4.520868e-01  2.497813e-01  1.858417e-01
 197  2.977523e-01  1.293420e-01  4.719643e-02  1.024258e+01  4.519882e-01  2.497298e-01  3.514357e-01
 198  2.103452e-01  2.810959e-01  3.334162e-02  1.024788e+01  4.528363e-01  2.043587e-01  5.189945e-01
 199  1.417239e-02  2.916407e-02  4.885932e-03  1.024320e+01  4.520868e-01  2.335255e-01  6.975351e-01
 200  2.761298e-01  4.696795e-02  3.933285e-02  1.024320e+01  4.520868e-01  3.417204e-01  2.089103e-01
 201  2.671477e-01  7.896303e-02  3.877745e-02  1.024320e+01  4.520868e-01  3.507591e-01  3.918727e-01
 202  2.295712e-01  8.686248e-02  3.448994e-02  1.024258e+01  4.519882e-01  3.405748e-01  5.764327e-01
 203  5.208126e-02  2.451702e-02  7.549824e-03  1.024320e+01  4.520868e-01  3.565587e-01  8.271451e-01
 204  2.161698e-01  2.585069e-02  9.000203e-02  1.024320e+01  4.520868e-01  4.847660e-01  1.863145e-01
 205  1.846140e-01  3.639575e-02  1.765772e-02  1.024320e+01  4.520868e-01  4.847812e-01  3.887458e-01
 206  1.329698e-01  3.461571e-02  6.639095e-02  1.024320e+01  4.520868e-01  4.939869e-01  6.002799e-01
 207  4.082599e-02  1.350405e-02  2.037642e-02  1.024320e+01  4.520868e-01  5.007918e-01  8.364449e-01
 208  4.804424e-02  1.520754e-02  2.396458e-02  1.024320e+01  4.520868e-01  6.829871e-01  1.917891e-01
 209  9.146138e-02  2.649913e-02  2.569850e-02  1.024320e+01  4.520868e-01  6.772432e-01  3.952736e-01
 210  5.109392e-02  2.551201e-02  2.037244e-02  1.024320e+01  4.520868e-01  6.810858e-01  5.808466e-01
 211  2.667472e-02  1.126975e-02  1.063759e-02  1.024258e+01  4.519882e-01  6.849562e-01  7.966479e-01
 212  1.793148e-02  6.918671e-03  7.143292e-03  1.024320e+01  4.520868e-01  8.995723e-01  1.745303e-01
 213  3.818115e-02  1.913727e-02  7.242875e-03  1.023359e+01  4.520513e-01  9.197588e-01  3.857127e-01
 214  3.890012e-02  1.874240e-02  1.549716e-02  1.025240e+01  4.522627e-01  8.430186e-01  6.101562e-01
 215  9.901777e-03  8.443704e-03  3.944703e-03  1.023359e+01  4.520513e-01  8.406178e-01  7.986586e-01
