#************************************************************************
# 
#    These are published data of the HERMES Collaboration.
#    You are free to use these data in any publication. 
#    However, you must make a reference to the following publication:
# 
#    A. Airapetian et al, Phys. Rev. D 87 (2013) 074029 
# 
#************************************************************************
# 
# pi+ multiplicities from HERMES
# Configuration: zx-3D (x: 9, z: 6, Php: 4)
# Target: H
# Optional settings: VM subtracted
#
#  i          mult    stat (+/-)    syst (+/-)            Q2             x             z           Php
   0  7.008830e+00  5.130924e-02  4.760074e-01  1.193053e+00  3.352578e-02  1.566511e-01  2.134038e-01
   1  8.073274e+00  6.326762e-02  7.065030e-01  1.193053e+00  3.352578e-02  1.611529e-01  4.378911e-01
   2  3.387903e+00  6.542912e-02  4.839148e-01  1.193053e+00  3.352578e-02  1.651642e-01  6.665911e-01
   3  5.650213e-01  4.812374e-02  8.149409e-02  1.193053e+00  3.352578e-02  1.764647e-01  9.949905e-01
   4  2.673970e+00  3.428488e-02  1.316646e-01  1.193053e+00  3.352578e-02  2.563488e-01  2.057741e-01
   5  3.916184e+00  3.700809e-02  1.194509e-01  1.193053e+00  3.352578e-02  2.613659e-01  4.225870e-01
   6  2.131595e+00  2.719663e-02  7.092912e-02  1.193053e+00  3.352578e-02  2.682947e-01  6.379894e-01
   7  4.079572e-01  9.920955e-03  1.492942e-02  1.193053e+00  3.352578e-02  2.789064e-01  9.518846e-01
   8  1.155178e+00  2.419965e-02  1.476751e-01  1.193053e+00  3.352578e-02  3.551150e-01  2.016636e-01
   9  1.912301e+00  2.918658e-02  2.106632e-01  1.193053e+00  3.352578e-02  3.591382e-01  4.145418e-01
  10  1.324665e+00  2.123133e-02  8.533297e-02  1.193053e+00  3.352578e-02  3.653806e-01  6.219524e-01
  11  3.090076e-01  6.631867e-03  2.028995e-02  1.193053e+00  3.352578e-02  3.736604e-01  9.135727e-01
  12  4.654072e-01  1.167058e-02  9.142038e-02  1.193053e+00  3.352578e-02  4.893225e-01  1.998500e-01
  13  7.385707e-01  1.268549e-02  1.315304e-01  1.193053e+00  3.352578e-02  4.955767e-01  4.102535e-01
  14  5.823980e-01  1.032679e-02  7.832736e-02  1.193053e+00  3.352578e-02  5.005242e-01  6.110713e-01
  15  1.989905e-01  3.295216e-03  2.612583e-02  1.193053e+00  3.352578e-02  5.068706e-01  8.921989e-01
  16  1.341770e-01  5.944923e-03  2.812595e-02  1.193053e+00  3.352578e-02  6.938178e-01  1.982151e-01
  17  2.470716e-01  7.388230e-03  4.725966e-02  1.193053e+00  3.352578e-02  6.880297e-01  4.033729e-01
  18  1.894228e-01  6.386669e-03  2.773027e-02  1.193053e+00  3.352578e-02  6.912194e-01  5.971092e-01
  19  8.785765e-02  2.538295e-03  1.278508e-02  1.193053e+00  3.352578e-02  6.917709e-01  8.835088e-01
  20  2.458226e-02  1.765707e-03  5.147406e-03  1.193053e+00  3.352578e-02  8.783250e-01  1.772620e-01
  21  2.839699e-02  2.827015e-03  5.437620e-03  1.193053e+00  3.352578e-02  8.631888e-01  3.952014e-01
  22  2.833018e-02  3.738543e-03  4.146714e-03  1.193053e+00  3.352578e-02  8.656562e-01  5.962245e-01
  23  1.255913e-02  1.560505e-03  1.850089e-03  1.193053e+00  3.352578e-02  8.754305e-01  8.483915e-01
  24  6.714655e+00  4.937059e-02  5.696614e-01  1.378543e+00  4.769428e-02  1.486537e-01  2.024917e-01
  25  7.126442e+00  6.230817e-02  7.200052e-01  1.378543e+00  4.769428e-02  1.541202e-01  4.175444e-01
  26  2.861069e+00  6.946140e-02  4.303602e-01  1.378543e+00  4.769428e-02  1.593975e-01  6.447469e-01
  27  4.560185e-01  4.803364e-02  6.862617e-02  1.378543e+00  4.769428e-02  1.629186e-01  9.083780e-01
  28  2.696563e+00  2.573897e-02  8.716712e-02  1.378543e+00  4.769428e-02  2.473235e-01  1.981834e-01
  29  3.686053e+00  3.334303e-02  6.392837e-02  1.378543e+00  4.769428e-02  2.523347e-01  4.061637e-01
  30  1.846133e+00  2.474964e-02  7.940234e-02  1.378543e+00  4.769428e-02  2.580288e-01  6.108068e-01
  31  3.195518e-01  9.248175e-03  1.356478e-02  1.378543e+00  4.769428e-02  2.637633e-01  8.965060e-01
  32  1.181349e+00  1.669722e-02  1.293664e-01  1.378543e+00  4.769428e-02  3.457730e-01  1.963116e-01
  33  1.915317e+00  2.536936e-02  1.797714e-01  1.378543e+00  4.769428e-02  3.507477e-01  4.050971e-01
  34  1.205240e+00  1.874021e-02  6.423534e-02  1.378543e+00  4.769428e-02  3.562424e-01  6.056067e-01
  35  2.594966e-01  5.831196e-03  1.428445e-02  1.378543e+00  4.769428e-02  3.624029e-01  8.804350e-01
  36  4.141318e-01  6.623528e-03  7.589199e-02  1.378543e+00  4.769428e-02  4.857902e-01  1.976987e-01
  37  7.588888e-01  1.050976e-02  1.269963e-01  1.378543e+00  4.769428e-02  4.883831e-01  4.030403e-01
  38  5.859977e-01  9.318934e-03  7.294688e-02  1.378543e+00  4.769428e-02  4.916580e-01  5.935176e-01
  39  1.759012e-01  3.012134e-03  2.161818e-02  1.378543e+00  4.769428e-02  4.969590e-01  8.652833e-01
  40  1.262603e-01  3.189567e-03  2.502248e-02  1.378543e+00  4.769428e-02  6.923433e-01  1.998274e-01
  41  2.547858e-01  5.518763e-03  4.563906e-02  1.378543e+00  4.769428e-02  6.895914e-01  4.012504e-01
  42  2.158213e-01  5.323292e-03  2.941671e-02  1.378543e+00  4.769428e-02  6.887418e-01  5.941037e-01
  43  8.268895e-02  2.143216e-03  1.130358e-02  1.378543e+00  4.769428e-02  6.884005e-01  8.737763e-01
  44  3.208823e-02  9.291097e-04  6.374528e-03  1.378543e+00  4.769428e-02  8.879805e-01  1.942508e-01
  45  4.650812e-02  1.620409e-03  8.504407e-03  1.378543e+00  4.769428e-02  8.765866e-01  3.884772e-01
  46  3.389759e-02  1.687937e-03  4.749264e-03  1.378543e+00  4.769428e-02  8.681632e-01  5.980092e-01
  47  1.310660e-02  6.957678e-04  1.835916e-03  1.378543e+00  4.769428e-02  8.637398e-01  8.548670e-01
  48  6.505802e+00  5.066899e-02  6.680610e-01  1.546139e+00  6.499065e-02  1.449595e-01  1.976783e-01
  49  6.661470e+00  6.248879e-02  7.731099e-01  1.546139e+00  6.499065e-02  1.490865e-01  4.034117e-01
  50  2.413125e+00  6.484703e-02  3.926009e-01  1.546139e+00  6.499065e-02  1.561758e-01  6.305449e-01
  51  2.504402e-01  3.766238e-02  4.085181e-02  1.546139e+00  6.499065e-02  1.598224e-01  8.653789e-01
  52  2.627700e+00  2.227207e-02  7.141249e-02  1.546139e+00  6.499065e-02  2.451806e-01  1.952617e-01
  53  3.409526e+00  3.143905e-02  3.813269e-02  1.546139e+00  6.499065e-02  2.486690e-01  3.998714e-01
  54  1.617387e+00  2.281164e-02  8.120836e-02  1.546139e+00  6.499065e-02  2.537518e-01  5.984926e-01
  55  2.471577e-01  8.233086e-03  1.319572e-02  1.546139e+00  6.499065e-02  2.640739e-01  8.899142e-01
  56  1.246089e+00  1.431662e-02  1.195419e-01  1.546139e+00  6.499065e-02  3.451464e-01  1.949019e-01
  57  1.916243e+00  2.408812e-02  1.600334e-01  1.546139e+00  6.499065e-02  3.479229e-01  3.991165e-01
  58  1.147899e+00  1.773465e-02  5.784275e-02  1.546139e+00  6.499065e-02  3.517041e-01  5.950297e-01
  59  2.054652e-01  5.004672e-03  1.023496e-02  1.546139e+00  6.499065e-02  3.575430e-01  8.550939e-01
  60  4.544152e-01  5.490169e-03  7.678003e-02  1.546139e+00  6.499065e-02  4.835122e-01  1.968024e-01
  61  7.988662e-01  9.934782e-03  1.211208e-01  1.546139e+00  6.499065e-02  4.853536e-01  4.012446e-01
  62  6.116518e-01  9.446269e-03  6.649888e-02  1.546139e+00  6.499065e-02  4.904325e-01  5.956470e-01
  63  1.462844e-01  2.706292e-03  1.575822e-02  1.546139e+00  6.499065e-02  4.994369e-01  8.557325e-01
  64  1.407636e-01  2.888510e-03  2.595027e-02  1.546139e+00  6.499065e-02  6.919410e-01  2.006552e-01
  65  2.738424e-01  5.407005e-03  4.569360e-02  1.546139e+00  6.499065e-02  6.882082e-01  4.012174e-01
  66  2.258048e-01  5.444564e-03  2.791545e-02  1.546139e+00  6.499065e-02  6.869013e-01  5.931446e-01
  67  8.974508e-02  2.247083e-03  1.106489e-02  1.546139e+00  6.499065e-02  6.890877e-01  8.649320e-01
  68  5.001093e-02  1.064175e-03  9.239899e-03  1.546139e+00  6.499065e-02  8.920385e-01  1.852406e-01
  69  6.130151e-02  1.765169e-03  1.040893e-02  1.546139e+00  6.499065e-02  8.777049e-01  3.947483e-01
  70  4.678410e-02  1.940350e-03  5.989477e-03  1.546139e+00  6.499065e-02  8.731598e-01  5.939265e-01
  71  2.096101e-02  9.083232e-04  2.682630e-03  1.546139e+00  6.499065e-02  8.597530e-01  8.531405e-01
  72  6.136496e+00  5.542181e-02  7.466915e-01  1.713564e+00  8.733686e-02  1.428191e-01  1.937317e-01
  73  6.062338e+00  6.757246e-02  8.194331e-01  1.713564e+00  8.733686e-02  1.474218e-01  3.975619e-01
  74  2.179265e+00  6.694877e-02  3.919036e-01  1.713564e+00  8.733686e-02  1.493183e-01  6.007462e-01
  75  2.165608e-01  3.277834e-02  4.517740e-02  1.713564e+00  8.733686e-02  1.556687e-01  8.267388e-01
  76  2.522648e+00  2.251836e-02  5.001025e-02  1.713564e+00  8.733686e-02  2.444911e-01  1.946108e-01
  77  3.303971e+00  3.416100e-02  8.521777e-02  1.713564e+00  8.733686e-02  2.472085e-01  3.936939e-01
  78  1.370453e+00  2.249726e-02  8.777270e-02  1.713564e+00  8.733686e-02  2.509042e-01  5.909376e-01
  79  2.067013e-01  7.901648e-03  1.394668e-02  1.713564e+00  8.733686e-02  2.540854e-01  8.609511e-01
  80  1.254068e+00  1.407711e-02  9.954567e-02  1.713564e+00  8.733686e-02  3.453766e-01  1.954132e-01
  81  1.804918e+00  2.481072e-02  1.179514e-01  1.713564e+00  8.733686e-02  3.463283e-01  3.977473e-01
  82  9.801089e-01  1.763958e-02  3.406717e-02  1.713564e+00  8.733686e-02  3.488639e-01  5.867212e-01
  83  1.568878e-01  4.632736e-03  5.938550e-03  1.713564e+00  8.733686e-02  3.547655e-01  8.509308e-01
  84  4.828408e-01  5.618863e-03  7.323858e-02  1.713564e+00  8.733686e-02  4.825662e-01  1.956836e-01
  85  7.921107e-01  1.046870e-02  1.063325e-01  1.713564e+00  8.733686e-02  4.860576e-01  4.002130e-01
  86  5.565634e-01  9.899633e-03  5.190894e-02  1.713564e+00  8.733686e-02  4.888608e-01  5.902588e-01
  87  1.364163e-01  2.801116e-03  1.281965e-02  1.713564e+00  8.733686e-02  5.014848e-01  8.423521e-01
  88  1.610352e-01  3.554787e-03  2.713484e-02  1.713564e+00  8.733686e-02  6.938948e-01  1.970671e-01
  89  3.185508e-01  6.458099e-03  4.774337e-02  1.713564e+00  8.733686e-02  6.904615e-01  4.002888e-01
  90  2.847227e-01  7.249203e-03  3.044192e-02  1.713564e+00  8.733686e-02  6.909272e-01  5.926087e-01
  91  1.019214e-01  2.757873e-03  1.101706e-02  1.713564e+00  8.733686e-02  6.910293e-01  8.479946e-01
  92  8.367884e-02  1.627311e-03  1.413801e-02  1.713564e+00  8.733686e-02  8.964039e-01  1.903206e-01
  93  7.958475e-02  2.227183e-03  1.201061e-02  1.713564e+00  8.733686e-02  8.814260e-01  3.976858e-01
  94  6.352475e-02  2.383998e-03  6.870544e-03  1.713564e+00  8.733686e-02  8.721094e-01  5.920050e-01
  95  2.344231e-02  1.102135e-03  2.488731e-03  1.713564e+00  8.733686e-02  8.586164e-01  8.597390e-01
  96  6.274339e+00  5.885238e-02  9.003220e-01  2.159913e+00  1.176152e-01  1.422220e-01  1.923386e-01
  97  5.881831e+00  7.153967e-02  9.416118e-01  2.159913e+00  1.176152e-01  1.447713e-01  3.893295e-01
  98  2.037017e+00  6.831490e-02  4.110120e-01  2.159913e+00  1.176152e-01  1.461532e-01  5.857781e-01
  99  2.165117e-01  3.346582e-02  4.376017e-02  2.159913e+00  1.176152e-01  1.617547e-01  8.375832e-01
 100  2.512207e+00  2.188038e-02  9.234241e-02  2.159913e+00  1.176152e-01  2.438863e-01  1.948710e-01
 101  3.194484e+00  3.556250e-02  1.479228e-01  2.159913e+00  1.176152e-01  2.459635e-01  3.923900e-01
 102  1.309848e+00  2.266194e-02  1.128243e-01  2.159913e+00  1.176152e-01  2.485310e-01  5.846533e-01
 103  1.865701e-01  7.649691e-03  1.669417e-02  2.159913e+00  1.176152e-01  2.478387e-01  8.311683e-01
 104  1.239289e+00  1.306199e-02  7.403554e-02  2.159913e+00  1.176152e-01  3.442707e-01  1.943983e-01
 105  1.825408e+00  2.537317e-02  7.800538e-02  2.159913e+00  1.176152e-01  3.458841e-01  3.966502e-01
 106  9.481285e-01  1.785461e-02  1.811055e-02  2.159913e+00  1.176152e-01  3.480592e-01  5.863415e-01
 107  1.476209e-01  4.567323e-03  4.141769e-03  2.159913e+00  1.176152e-01  3.488747e-01  8.343411e-01
 108  4.715161e-01  5.336772e-03  6.131795e-02  2.159913e+00  1.176152e-01  4.821595e-01  1.939464e-01
 109  7.932999e-01  1.010130e-02  8.973130e-02  2.159913e+00  1.176152e-01  4.837804e-01  3.987321e-01
 110  5.748948e-01  1.037111e-02  4.144805e-02  2.159913e+00  1.176152e-01  4.891713e-01  5.908134e-01
 111  1.268400e-01  2.716242e-03  9.543425e-03  2.159913e+00  1.176152e-01  5.006073e-01  8.378222e-01
 112  1.736181e-01  3.712470e-03  2.560186e-02  2.159913e+00  1.176152e-01  6.952600e-01  1.952092e-01
 113  2.876947e-01  6.288724e-03  3.717199e-02  2.159913e+00  1.176152e-01  6.915920e-01  3.999092e-01
 114  2.748576e-01  7.171558e-03  2.411793e-02  2.159913e+00  1.176152e-01  6.882241e-01  5.951265e-01
 115  9.856594e-02  2.884689e-03  8.648401e-03  2.159913e+00  1.176152e-01  6.901439e-01  8.602801e-01
 116  8.771503e-02  1.656635e-03  1.301363e-02  2.159913e+00  1.176152e-01  8.979748e-01  1.837798e-01
 117  9.502246e-02  2.522639e-03  1.236581e-02  2.159913e+00  1.176152e-01  8.853565e-01  3.911349e-01
 118  5.552800e-02  2.259604e-03  4.946124e-03  2.159913e+00  1.176152e-01  8.694419e-01  5.897262e-01
 119  2.411201e-02  1.103842e-03  2.122287e-03  2.159913e+00  1.176152e-01  8.669096e-01  8.463983e-01
 120  5.992682e+00  7.204138e-02  1.049824e+00  3.161097e+00  1.658096e-01  1.414351e-01  1.931000e-01
 121  5.763299e+00  9.473662e-02  1.099170e+00  3.161097e+00  1.658096e-01  1.444600e-01  3.876629e-01
 122  1.842695e+00  8.239685e-02  3.610105e-01  3.161097e+00  1.658096e-01  1.447931e-01  5.809778e-01
 123  1.758225e-01  4.056029e-02  6.617230e-03  3.161097e+00  1.658096e-01  1.544018e-01  7.973557e-01
 124  2.569490e+00  2.503184e-02  1.718312e-01  3.161097e+00  1.658096e-01  2.437194e-01  1.941325e-01
 125  3.177060e+00  4.448572e-02  2.408416e-01  3.161097e+00  1.658096e-01  2.463057e-01  3.897216e-01
 126  1.262856e+00  2.818318e-02  1.489884e-01  3.161097e+00  1.658096e-01  2.474104e-01  5.826923e-01
 127  1.907668e-01  9.647077e-03  2.289351e-02  3.161097e+00  1.658096e-01  2.500843e-01  8.300131e-01
 128  1.212182e+00  1.475201e-02  4.156588e-02  3.161097e+00  1.658096e-01  3.444501e-01  1.946412e-01
 129  1.861928e+00  2.986107e-02  4.135733e-02  3.161097e+00  1.658096e-01  3.450038e-01  3.946409e-01
 130  9.588248e-01  2.307204e-02  3.893875e-02  3.161097e+00  1.658096e-01  3.480291e-01  5.857827e-01
 131  1.519667e-01  5.736231e-03  6.806858e-03  3.161097e+00  1.658096e-01  3.499198e-01  8.314201e-01
 132  4.774268e-01  6.253001e-03  4.838329e-02  3.161097e+00  1.658096e-01  4.814698e-01  1.959901e-01
 133  7.675906e-01  1.132726e-02  6.331142e-02  3.161097e+00  1.658096e-01  4.834594e-01  3.987667e-01
 134  5.830366e-01  1.211625e-02  2.869239e-02  3.161097e+00  1.658096e-01  4.885016e-01  5.892433e-01
 135  1.322259e-01  3.610592e-03  7.222979e-03  3.161097e+00  1.658096e-01  4.936442e-01  8.375011e-01
 136  1.640686e-01  4.520590e-03  1.944091e-02  3.161097e+00  1.658096e-01  6.938351e-01  1.947130e-01
 137  2.781367e-01  7.250275e-03  2.788731e-02  3.161097e+00  1.658096e-01  6.921926e-01  3.994538e-01
 138  2.339165e-01  7.585899e-03  1.379412e-02  3.161097e+00  1.658096e-01  6.881344e-01  5.944048e-01
 139  9.498291e-02  3.157776e-03  5.529041e-03  3.161097e+00  1.658096e-01  6.908381e-01  8.522615e-01
 140  7.959966e-02  2.018436e-03  9.260138e-03  3.161097e+00  1.658096e-01  8.980116e-01  1.892196e-01
 141  1.009468e-01  3.278306e-03  1.011233e-02  3.161097e+00  1.658096e-01  8.882126e-01  3.940458e-01
 142  6.502986e-02  2.849277e-03  3.912784e-03  3.161097e+00  1.658096e-01  8.742929e-01  5.884482e-01
 143  1.608124e-02  9.998309e-04  9.933878e-04  3.161097e+00  1.658096e-01  8.610684e-01  8.329823e-01
 144  6.123198e+00  1.037107e-01  1.322931e+00  4.883031e+00  2.402296e-01  1.416531e-01  1.918428e-01
 145  5.855205e+00  1.436798e-01  1.356178e+00  4.883031e+00  2.402296e-01  1.442293e-01  3.888650e-01
 146  1.996623e+00  1.173726e-01  4.555569e-01  4.883031e+00  2.402296e-01  1.451008e-01  5.783572e-01
 147  1.900062e-01  5.759026e-02  7.514342e-03  4.883031e+00  2.402296e-01  1.526599e-01  7.974344e-01
 148  2.584565e+00  3.187686e-02  2.697786e-01  4.883031e+00  2.402296e-01  2.430132e-01  1.934523e-01
 149  3.362873e+00  6.125636e-02  3.977639e-01  4.883031e+00  2.402296e-01  2.457732e-01  3.924982e-01
 150  1.387705e+00  4.021094e-02  2.183041e-01  4.883031e+00  2.402296e-01  2.477633e-01  5.796753e-01
 151  1.725766e-01  1.296366e-02  2.740913e-02  4.883031e+00  2.402296e-01  2.495565e-01  8.313722e-01
 152  1.259455e+00  1.987183e-02  2.513756e-02  4.883031e+00  2.402296e-01  3.440840e-01  1.935584e-01
 153  1.901776e+00  3.713564e-02  7.177267e-02  4.883031e+00  2.402296e-01  3.448955e-01  3.944939e-01
 154  1.049029e+00  3.344372e-02  8.089807e-02  4.883031e+00  2.402296e-01  3.470645e-01  5.833920e-01
 155  1.664534e-01  8.394591e-03  1.321048e-02  4.883031e+00  2.402296e-01  3.495847e-01  8.234973e-01
 156  4.686601e-01  8.274976e-03  2.802326e-02  4.883031e+00  2.402296e-01  4.807449e-01  1.937741e-01
 157  7.475676e-01  1.440678e-02  3.428111e-02  4.883031e+00  2.402296e-01  4.817778e-01  3.983897e-01
 158  5.427879e-01  1.469826e-02  1.721957e-02  4.883031e+00  2.402296e-01  4.861870e-01  5.882442e-01
 159  1.290125e-01  5.016858e-03  4.262805e-03  4.883031e+00  2.402296e-01  4.927640e-01  8.414645e-01
 160  1.705253e-01  6.033878e-03  1.392548e-02  4.883031e+00  2.402296e-01  6.875569e-01  1.927199e-01
 161  2.622378e-01  9.646620e-03  1.714140e-02  4.883031e+00  2.402296e-01  6.902993e-01  3.989537e-01
 162  2.053244e-01  9.117205e-03  8.191900e-03  4.883031e+00  2.402296e-01  6.890948e-01  5.910387e-01
 163  7.815032e-02  3.469411e-03  2.649664e-03  4.883031e+00  2.402296e-01  6.867385e-01  8.540897e-01
 164  7.057228e-02  2.693264e-03  5.663090e-03  4.883031e+00  2.402296e-01  8.987751e-01  1.903837e-01
 165  9.073202e-02  4.405017e-03  5.925457e-03  4.883031e+00  2.402296e-01  8.847196e-01  3.946918e-01
 166  6.486485e-02  3.773697e-03  1.868539e-03  4.883031e+00  2.402296e-01  8.808793e-01  5.931670e-01
 167  1.787865e-02  1.308246e-03  5.149452e-04  4.883031e+00  2.402296e-01  8.625035e-01  8.377081e-01
 168  6.129594e+00  2.523171e-01  1.325409e+00  7.485026e+00  3.401204e-01  1.419054e-01  1.961733e-01
 169  6.062560e+00  3.583198e-01  1.413303e+00  7.485026e+00  3.401204e-01  1.450257e-01  3.875335e-01
 170  2.184218e+00  2.702651e-01  4.976093e-01  7.485026e+00  3.401204e-01  1.456100e-01  5.800628e-01
 171  7.388635e-02  1.569257e-01  3.000076e-03  7.486365e+00  3.399951e-01  1.397218e-01  7.873734e-01
 172  2.585160e+00  6.878222e-02  2.729376e-01  7.485026e+00  3.401204e-01  2.438654e-01  1.960632e-01
 173  3.684849e+00  1.299185e-01  4.378386e-01  7.485026e+00  3.401204e-01  2.449405e-01  3.917178e-01
 174  1.449631e+00  9.253636e-02  2.287693e-01  7.485026e+00  3.401204e-01  2.485999e-01  5.820334e-01
 175  2.356059e-01  2.939744e-02  3.091074e-02  7.485026e+00  3.401204e-01  2.458318e-01  8.154702e-01
 176  1.285050e+00  4.504031e-02  2.503895e-02  7.485026e+00  3.401204e-01  3.447607e-01  1.956347e-01
 177  1.927315e+00  7.677296e-02  7.418104e-02  7.485026e+00  3.401204e-01  3.450636e-01  3.954542e-01
 178  1.000017e+00  7.369786e-02  7.820936e-02  7.485026e+00  3.401204e-01  3.452790e-01  5.859576e-01
 179  1.537529e-01  1.786788e-02  1.231756e-02  7.485026e+00  3.401204e-01  3.510466e-01  8.203392e-01
 180  4.658078e-01  1.874814e-02  2.830732e-02  7.485026e+00  3.401204e-01  4.822246e-01  1.952353e-01
 181  7.585100e-01  3.121049e-02  3.571251e-02  7.485026e+00  3.401204e-01  4.802665e-01  3.978786e-01
 182  5.122303e-01  2.982815e-02  1.412035e-02  7.485026e+00  3.401204e-01  4.853123e-01  5.888071e-01
 183  1.389216e-01  1.117990e-02  4.444891e-03  7.485026e+00  3.401204e-01  4.917612e-01  8.318232e-01
 184  1.552637e-01  1.306688e-02  1.208608e-02  7.485026e+00  3.401204e-01  6.877760e-01  1.963416e-01
 185  2.809369e-01  2.134091e-02  1.736065e-02  7.485026e+00  3.401204e-01  6.920362e-01  3.967809e-01
 186  2.082590e-01  1.966032e-02  6.586938e-03  7.485026e+00  3.401204e-01  6.814646e-01  5.919908e-01
 187  6.010043e-02  6.492438e-03  1.944279e-03  7.485026e+00  3.401204e-01  6.829829e-01  8.581201e-01
 188  6.544405e-02  6.036927e-03  5.106095e-03  7.485026e+00  3.401204e-01  8.942737e-01  1.927359e-01
 189  8.458032e-02  9.525728e-03  5.322041e-03  7.485026e+00  3.401204e-01  8.913878e-01  3.981861e-01
 190  6.227485e-02  8.085938e-03  2.093260e-03  7.485026e+00  3.401204e-01  8.740841e-01  5.905949e-01
 191  1.761040e-02  2.708333e-03  6.881757e-04  7.485026e+00  3.401204e-01  8.663083e-01  8.304989e-01
 192  7.482880e+00  5.682662e-01  1.627931e+00  1.024320e+01  4.520868e-01  1.417636e-01  1.959470e-01
 193  7.123226e+00  7.796143e-01  1.662832e+00  1.024320e+01  4.520868e-01  1.430999e-01  3.846042e-01
 194  3.066914e+00  5.551647e-01  7.001962e-01  1.024320e+01  4.520868e-01  1.448365e-01  5.851890e-01
 195  3.369154e-01  3.433651e-01  1.526953e-02  1.025349e+01  4.521247e-01  1.493012e-01  8.321759e-01
 196  2.969133e+00  1.489400e-01  3.165859e-01  1.024320e+01  4.520868e-01  2.453275e-01  1.964096e-01
 197  3.843879e+00  2.611495e-01  4.626545e-01  1.024320e+01  4.520868e-01  2.428823e-01  3.937244e-01
 198  1.579296e+00  1.843691e-01  2.514590e-01  1.024320e+01  4.520868e-01  2.481316e-01  5.755831e-01
 199  1.608385e-01  4.990390e-02  3.225461e-02  1.024258e+01  4.519882e-01  2.507341e-01  8.077616e-01
 200  1.276667e+00  9.152641e-02  2.469365e-02  1.024320e+01  4.520868e-01  3.458941e-01  1.963560e-01
 201  1.920095e+00  1.662311e-01  7.932339e-02  1.024320e+01  4.520868e-01  3.460231e-01  3.956859e-01
 202  1.430116e+00  1.652916e-01  1.131233e-01  1.024320e+01  4.520868e-01  3.463086e-01  5.854545e-01
 203  1.356142e-01  3.745226e-02  1.839658e-02  1.024320e+01  4.520868e-01  3.519012e-01  7.897525e-01
 204  5.017786e-01  4.077442e-02  3.114313e-02  1.024320e+01  4.520868e-01  4.834827e-01  1.988680e-01
 205  8.702699e-01  7.093376e-02  3.933575e-02  1.024320e+01  4.520868e-01  4.795569e-01  3.962198e-01
 206  4.675549e-01  6.136474e-02  1.296844e-02  1.024320e+01  4.520868e-01  4.892597e-01  5.830752e-01
 207  1.244349e-01  2.098403e-02  3.204987e-03  1.024320e+01  4.520868e-01  4.855988e-01  8.323555e-01
 208  1.499249e-01  2.526580e-02  1.172393e-02  1.024320e+01  4.520868e-01  6.898873e-01  1.926030e-01
 209  2.610878e-01  4.320700e-02  1.635923e-02  1.024320e+01  4.520868e-01  6.873973e-01  4.036850e-01
 210  2.019565e-01  4.108298e-02  6.006543e-03  1.024320e+01  4.520868e-01  6.788583e-01  5.972697e-01
 211  9.470123e-02  1.635129e-02  2.769859e-03  1.024320e+01  4.520868e-01  7.072691e-01  8.723061e-01
 212  5.613977e-02  1.124209e-02  4.426137e-03  1.024320e+01  4.520868e-01  8.871582e-01  2.067563e-01
 213  1.123170e-01  2.197891e-02  7.081055e-03  1.024320e+01  4.520868e-01  8.835461e-01  3.972004e-01
 214  5.236426e-02  1.729184e-02  1.712152e-03  1.024320e+01  4.520868e-01  8.831506e-01  5.970714e-01
 215  2.029900e-02  6.077031e-03  1.112982e-03  1.024320e+01  4.520868e-01  8.528792e-01  8.327118e-01
