#************************************************************************
# 
#    These are published data of the HERMES Collaboration.
#    You are free to use these data in any publication. 
#    However, you must make a reference to the following publication:
# 
#    A. Airapetian et al, Phys. Rev. D 87 (2013) 074029 
# 
#************************************************************************
# 
# pi- multiplicities from HERMES
# Configuration: zx-3D (x: 9, z: 6, Php: 4)
# Target: H
# Optional settings: VM subtracted
#
#  i          mult    stat (+/-)    syst (+/-)            Q2             x             z           Php
   0  6.289621e+00  5.001162e-02  3.469730e-01  1.193053e+00  3.352578e-02  1.572145e-01  2.152383e-01
   1  7.129288e+00  5.985252e-02  6.737399e-01  1.193053e+00  3.352578e-02  1.607346e-01  4.383929e-01
   2  2.983279e+00  6.253971e-02  3.126320e-02  1.193053e+00  3.352578e-02  1.665709e-01  6.742320e-01
   3  3.478843e-01  4.356259e-02  6.277089e-03  1.193053e+00  3.352578e-02  1.824288e-01  1.028867e+00
   4  2.321820e+00  3.196533e-02  9.241360e-02  1.193053e+00  3.352578e-02  2.579819e-01  2.079126e-01
   5  3.296781e+00  3.383892e-02  5.323769e-01  1.193053e+00  3.352578e-02  2.618123e-01  4.235289e-01
   6  1.759365e+00  2.437907e-02  1.186011e-01  1.193053e+00  3.352578e-02  2.694482e-01  6.424167e-01
   7  3.499589e-01  9.040220e-03  2.386697e-02  1.193053e+00  3.352578e-02  2.742768e-01  9.399055e-01
   8  9.306704e-01  2.194642e-02  4.858002e-02  1.193053e+00  3.352578e-02  3.590584e-01  2.034442e-01
   9  1.435694e+00  2.467263e-02  7.460833e-02  1.193053e+00  3.352578e-02  3.621343e-01  4.185980e-01
  10  1.048039e+00  1.783205e-02  1.512059e-01  1.193053e+00  3.352578e-02  3.638375e-01  6.197635e-01
  11  2.703408e-01  5.948802e-03  3.903165e-02  1.193053e+00  3.352578e-02  3.680354e-01  9.073597e-01
  12  3.285775e-01  9.395691e-03  2.203450e-02  1.193053e+00  3.352578e-02  4.877802e-01  2.000495e-01
  13  5.782825e-01  1.080806e-02  2.667577e-02  1.193053e+00  3.352578e-02  4.988323e-01  4.112887e-01
  14  4.413222e-01  8.801454e-03  6.047134e-02  1.193053e+00  3.352578e-02  5.046244e-01  6.134870e-01
  15  1.409978e-01  2.779817e-03  1.919680e-02  1.193053e+00  3.352578e-02  5.056257e-01  8.996057e-01
  16  1.223002e-01  5.459902e-03  1.428232e-02  1.193053e+00  3.352578e-02  6.904150e-01  2.032584e-01
  17  1.587646e-01  5.352078e-03  6.170856e-03  1.193053e+00  3.352578e-02  6.869489e-01  3.996969e-01
  18  1.150304e-01  4.524805e-03  4.283558e-03  1.193053e+00  3.352578e-02  6.908090e-01  5.949754e-01
  19  5.016874e-02  1.899082e-03  1.854181e-03  1.193053e+00  3.352578e-02  6.885783e-01  8.804091e-01
  20  1.381905e-02  1.194970e-03  1.618424e-03  1.193053e+00  3.352578e-02  8.815599e-01  1.815451e-01
  21  2.215184e-02  2.155173e-03  1.041169e-03  1.193053e+00  3.352578e-02  8.679773e-01  4.112297e-01
  22  1.303750e-02  1.856245e-03  5.933526e-04  1.193053e+00  3.352578e-02  8.571578e-01  5.865631e-01
  23  5.524993e-03  7.833383e-04  2.621985e-04  1.193053e+00  3.352578e-02  8.534710e-01  8.542207e-01
  24  5.820756e+00  4.700827e-02  7.406101e-01  1.378543e+00  4.769428e-02  1.485329e-01  2.024765e-01
  25  6.487140e+00  5.994479e-02  5.300585e-01  1.378543e+00  4.769428e-02  1.528277e-01  4.160813e-01
  26  2.662124e+00  6.854296e-02  2.493226e-01  1.378543e+00  4.769428e-02  1.589779e-01  6.458587e-01
  27  3.700214e-01  5.121114e-02  3.502389e-02  1.378543e+00  4.769428e-02  1.826117e-01  1.024304e+00
  28  2.170866e+00  2.320200e-02  5.408171e-02  1.378543e+00  4.769428e-02  2.461090e-01  1.967587e-01
  29  2.966522e+00  2.947557e-02  2.348414e-01  1.378543e+00  4.769428e-02  2.519050e-01  4.078825e-01
  30  1.537266e+00  2.254941e-02  2.845841e-01  1.378543e+00  4.769428e-02  2.579099e-01  6.155098e-01
  31  2.875716e-01  8.906236e-03  5.329429e-02  1.378543e+00  4.769428e-02  2.661428e-01  9.076679e-01
  32  9.394584e-01  1.475354e-02  4.780647e-02  1.378543e+00  4.769428e-02  3.463295e-01  1.963311e-01
  33  1.426233e+00  2.136126e-02  9.242240e-02  1.378543e+00  4.769428e-02  3.507035e-01  4.040298e-01
  34  9.570838e-01  1.649395e-02  6.570541e-02  1.378543e+00  4.769428e-02  3.561696e-01  6.045442e-01
  35  2.173877e-01  5.230269e-03  1.529626e-02  1.378543e+00  4.769428e-02  3.605616e-01  8.807472e-01
  36  3.096828e-01  5.561063e-03  2.104483e-02  1.378543e+00  4.769428e-02  4.837848e-01  1.997639e-01
  37  5.195348e-01  8.362331e-03  4.819006e-02  1.378543e+00  4.769428e-02  4.894939e-01  4.031005e-01
  38  4.065302e-01  7.549337e-03  2.062593e-02  1.378543e+00  4.769428e-02  4.893304e-01  5.970987e-01
  39  1.272460e-01  2.461557e-03  6.541391e-03  1.378543e+00  4.769428e-02  4.984903e-01  8.771451e-01
  40  1.011200e-01  2.577229e-03  1.880208e-02  1.378543e+00  4.769428e-02  6.935272e-01  2.023229e-01
  41  1.736806e-01  4.150655e-03  3.469281e-02  1.378543e+00  4.769428e-02  6.875111e-01  3.989177e-01
  42  1.225229e-01  4.068053e-03  3.434046e-03  1.378543e+00  4.769428e-02  6.867491e-01  5.897817e-01
  43  4.559852e-02  1.549377e-03  1.203764e-03  1.378543e+00  4.769428e-02  6.871843e-01  8.651471e-01
  44  2.030610e-02  6.285258e-04  3.777230e-03  1.378543e+00  4.769428e-02  8.794465e-01  1.919829e-01
  45  2.263250e-02  1.031219e-03  4.545953e-03  1.378543e+00  4.769428e-02  8.676170e-01  3.959042e-01
  46  1.660465e-02  1.090278e-03  4.848723e-04  1.378543e+00  4.769428e-02  8.620835e-01  5.874541e-01
  47  4.236972e-03  4.469320e-04  1.225383e-04  1.378543e+00  4.769428e-02  8.594542e-01  8.617921e-01
  48  5.389113e+00  4.671836e-02  1.076548e+00  1.546139e+00  6.499065e-02  1.452800e-01  1.981089e-01
  49  5.693831e+00  5.867591e-02  1.225323e+00  1.546139e+00  6.499065e-02  1.491565e-01  4.067017e-01
  50  2.353670e+00  6.673160e-02  1.940144e-01  1.546139e+00  6.499065e-02  1.545035e-01  6.262289e-01
  51  3.038572e-01  4.336917e-02  2.622048e-02  1.546139e+00  6.499065e-02  1.664849e-01  9.144712e-01
  52  2.095169e+00  1.989650e-02  6.016690e-02  1.546139e+00  6.499065e-02  2.444095e-01  1.938248e-01
  53  2.733425e+00  2.806365e-02  1.207396e-01  1.546139e+00  6.499065e-02  2.480489e-01  3.990500e-01
  54  1.380601e+00  2.107464e-02  1.492629e-01  1.546139e+00  6.499065e-02  2.533381e-01  6.031127e-01
  55  2.521297e-01  8.314331e-03  2.723526e-02  1.546139e+00  6.499065e-02  2.632301e-01  8.928954e-01
  56  9.279720e-01  1.226892e-02  4.736443e-02  1.546139e+00  6.499065e-02  3.445248e-01  1.960326e-01
  57  1.397129e+00  2.056404e-02  2.069179e-01  1.546139e+00  6.499065e-02  3.470624e-01  3.997815e-01
  58  8.267853e-01  1.505100e-02  3.607020e-02  1.546139e+00  6.499065e-02  3.522377e-01  5.976614e-01
  59  1.773543e-01  4.572233e-03  7.527810e-03  1.546139e+00  6.499065e-02  3.550787e-01  8.617469e-01
  60  3.360719e-01  4.555159e-03  2.522249e-02  1.546139e+00  6.499065e-02  4.825709e-01  1.961179e-01
  61  5.382932e-01  7.937246e-03  9.744922e-02  1.546139e+00  6.499065e-02  4.871009e-01  4.012344e-01
  62  3.909744e-01  7.331214e-03  2.275859e-02  1.546139e+00  6.499065e-02  4.889206e-01  5.939772e-01
  63  1.085166e-01  2.265851e-03  6.379222e-03  1.546139e+00  6.499065e-02  4.958288e-01  8.606901e-01
  64  1.025414e-01  2.249192e-03  7.716404e-03  1.546139e+00  6.499065e-02  6.940745e-01  1.969294e-01
  65  1.910706e-01  4.056311e-03  2.471508e-02  1.546139e+00  6.499065e-02  6.870487e-01  3.989739e-01
  66  1.344106e-01  3.932223e-03  4.095665e-03  1.546139e+00  6.499065e-02  6.911307e-01  5.873686e-01
  67  4.807673e-02  1.594181e-03  1.682779e-03  1.546139e+00  6.499065e-02  6.824144e-01  8.659899e-01
  68  2.216691e-02  5.492875e-04  1.672319e-03  1.546139e+00  6.499065e-02  8.843439e-01  1.858299e-01
  69  2.623271e-02  9.875514e-04  3.363308e-03  1.546139e+00  6.499065e-02  8.727124e-01  3.968559e-01
  70  1.776331e-02  1.139282e-03  5.802506e-04  1.546139e+00  6.499065e-02  8.666263e-01  5.857926e-01
  71  4.688705e-03  4.299237e-04  1.484021e-04  1.546139e+00  6.499065e-02  8.666324e-01  8.393747e-01
  72  4.927159e+00  4.978506e-02  1.335380e-01  1.713564e+00  8.733686e-02  1.438429e-01  1.942088e-01
  73  5.166300e+00  6.305465e-02  6.078339e-01  1.713564e+00  8.733686e-02  1.469529e-01  3.980511e-01
  74  2.069868e+00  6.752754e-02  1.558948e-01  1.713564e+00  8.733686e-02  1.470846e-01  6.007695e-01
  75  2.538112e-01  3.829812e-02  1.950991e-02  1.713564e+00  8.733686e-02  1.562962e-01  8.306843e-01
  76  1.909879e+00  1.948755e-02  7.096300e-02  1.713564e+00  8.733686e-02  2.445686e-01  1.948800e-01
  77  2.455290e+00  2.932901e-02  3.000593e-01  1.713564e+00  8.733686e-02  2.468830e-01  3.963869e-01
  78  1.179528e+00  2.081735e-02  3.286729e-02  1.713564e+00  8.733686e-02  2.510425e-01  5.938618e-01
  79  1.972592e-01  7.863337e-03  6.523928e-03  1.713564e+00  8.733686e-02  2.547034e-01  8.549637e-01
  80  9.038246e-01  1.177001e-02  5.687768e-02  1.713564e+00  8.733686e-02  3.445253e-01  1.933908e-01
  81  1.272564e+00  2.084018e-02  3.826002e-02  1.713564e+00  8.733686e-02  3.465450e-01  3.980821e-01
  82  7.622776e-01  1.539313e-02  9.126150e-02  1.713564e+00  8.733686e-02  3.500862e-01  5.907503e-01
  83  1.409206e-01  4.421610e-03  1.687649e-02  1.713564e+00  8.733686e-02  3.556805e-01  8.561373e-01
  84  3.358687e-01  4.581337e-03  2.943676e-02  1.713564e+00  8.733686e-02  4.822059e-01  1.943037e-01
  85  5.120684e-01  8.129031e-03  2.927952e-02  1.713564e+00  8.733686e-02  4.845118e-01  4.006361e-01
  86  3.535117e-01  7.598497e-03  5.290076e-02  1.713564e+00  8.733686e-02  4.892855e-01  5.922260e-01
  87  9.475255e-02  2.260503e-03  1.422393e-02  1.713564e+00  8.733686e-02  4.918807e-01  8.495266e-01
  88  1.167898e-01  2.544773e-03  1.020040e-02  1.713564e+00  8.733686e-02  6.938905e-01  1.962686e-01
  89  1.752553e-01  4.315192e-03  1.048524e-02  1.713564e+00  8.733686e-02  6.904241e-01  3.964981e-01
  90  1.400392e-01  4.726991e-03  2.258084e-02  1.713564e+00  8.733686e-02  6.876187e-01  5.899261e-01
  91  4.616667e-02  1.744854e-03  7.456598e-03  1.713564e+00  8.733686e-02  6.839806e-01  8.565791e-01
  92  3.861550e-02  8.795311e-04  3.474953e-03  1.713564e+00  8.733686e-02  8.914365e-01  1.882544e-01
  93  3.530353e-02  1.249353e-03  2.170760e-03  1.713564e+00  8.733686e-02  8.741366e-01  3.897677e-01
  94  2.339732e-02  1.315420e-03  3.775289e-03  1.713564e+00  8.733686e-02  8.670309e-01  5.823980e-01
  95  5.849872e-03  5.426013e-04  9.482982e-04  1.713564e+00  8.733686e-02  8.611602e-01  8.589042e-01
  96  4.714327e+00  5.050018e-02  1.169394e-01  2.159913e+00  1.176152e-01  1.421071e-01  1.920851e-01
  97  4.872074e+00  6.617144e-02  2.298558e-01  2.159913e+00  1.176152e-01  1.442198e-01  3.936361e-01
  98  1.945547e+00  6.923619e-02  3.258011e-01  2.159913e+00  1.176152e-01  1.461510e-01  5.941181e-01
  99  1.279447e-01  2.992266e-02  7.252835e-03  2.159913e+00  1.176152e-01  1.516288e-01  7.908963e-01
 100  1.868957e+00  1.888520e-02  8.320834e-02  2.159913e+00  1.176152e-01  2.434879e-01  1.920817e-01
 101  2.333706e+00  2.997496e-02  4.777787e-01  2.159913e+00  1.176152e-01  2.459191e-01  3.936292e-01
 102  1.064699e+00  2.049879e-02  1.008647e-01  2.159913e+00  1.176152e-01  2.471455e-01  5.871450e-01
 103  2.007172e-01  8.180195e-03  1.961664e-02  2.159913e+00  1.176152e-01  2.513898e-01  8.490928e-01
 104  8.439298e-01  1.077449e-02  6.756685e-02  2.159913e+00  1.176152e-01  3.446348e-01  1.945370e-01
 105  1.210332e+00  2.049062e-02  5.628361e-02  2.159913e+00  1.176152e-01  3.446225e-01  3.956880e-01
 106  7.392803e-01  1.575345e-02  1.529679e-01  2.159913e+00  1.176152e-01  3.459892e-01  5.869113e-01
 107  1.367235e-01  4.420961e-03  2.830697e-02  2.159913e+00  1.176152e-01  3.507133e-01  8.407198e-01
 108  3.239747e-01  4.321166e-03  3.405667e-02  2.159913e+00  1.176152e-01  4.814819e-01  1.941302e-01
 109  4.953620e-01  7.882438e-03  3.714655e-02  2.159913e+00  1.176152e-01  4.833469e-01  3.999747e-01
 110  3.543436e-01  7.953169e-03  2.236562e-02  2.159913e+00  1.176152e-01  4.859959e-01  5.916559e-01
 111  8.600696e-02  2.223914e-03  5.306218e-03  2.159913e+00  1.176152e-01  4.919360e-01  8.415766e-01
 112  1.131019e-01  2.614771e-03  1.201213e-02  2.159913e+00  1.176152e-01  6.931440e-01  1.947025e-01
 113  1.761303e-01  4.365137e-03  1.888190e-02  2.159913e+00  1.176152e-01  6.875481e-01  3.987921e-01
 114  1.216700e-01  4.386200e-03  1.051408e-02  2.159913e+00  1.176152e-01  6.839520e-01  5.925669e-01
 115  4.183562e-02  1.719284e-03  3.522179e-03  2.159913e+00  1.176152e-01  6.847824e-01  8.539607e-01
 116  3.431451e-02  8.974185e-04  3.695981e-03  2.159913e+00  1.176152e-01  8.838887e-01  1.889179e-01
 117  3.983108e-02  1.459721e-03  4.353031e-03  2.159913e+00  1.176152e-01  8.723470e-01  3.880299e-01
 118  2.581997e-02  1.501256e-03  2.241234e-03  2.159913e+00  1.176152e-01  8.607051e-01  5.828261e-01
 119  4.956334e-03  4.914947e-04  4.267177e-04  2.159913e+00  1.176152e-01  8.513780e-01  8.509764e-01
 120  4.554513e+00  6.300516e-02  1.163343e-01  3.161097e+00  1.658096e-01  1.410771e-01  1.900703e-01
 121  4.752590e+00  8.706902e-02  3.771062e-01  3.161097e+00  1.658096e-01  1.441086e-01  3.905590e-01
 122  1.889680e+00  8.690876e-02  2.298851e-01  3.161097e+00  1.658096e-01  1.441157e-01  5.861935e-01
 123  1.920857e-01  4.142031e-02  2.370437e-02  3.161097e+00  1.658096e-01  1.536075e-01  8.108271e-01
 124  1.852889e+00  2.147901e-02  1.082098e-01  3.161097e+00  1.658096e-01  2.435950e-01  1.941093e-01
 125  2.334774e+00  3.778547e-02  7.185604e-02  3.161097e+00  1.658096e-01  2.444017e-01  3.917030e-01
 126  1.129848e+00  2.649940e-02  1.635664e-01  3.161097e+00  1.658096e-01  2.468560e-01  5.848501e-01
 127  1.859540e-01  9.811491e-03  2.717094e-02  3.161097e+00  1.658096e-01  2.485168e-01  8.385948e-01
 128  8.197152e-01  1.203593e-02  7.524825e-02  3.161097e+00  1.658096e-01  3.431546e-01  1.955548e-01
 129  1.222398e+00  2.384066e-02  7.254586e-02  3.161097e+00  1.658096e-01  3.448179e-01  3.948661e-01
 130  6.963489e-01  1.920498e-02  3.106658e-02  3.161097e+00  1.658096e-01  3.460056e-01  5.862852e-01
 131  1.355099e-01  5.394391e-03  6.171190e-03  3.161097e+00  1.658096e-01  3.474666e-01  8.341204e-01
 132  3.062536e-01  4.858285e-03  8.096229e-03  3.161097e+00  1.658096e-01  4.789362e-01  1.956557e-01
 133  4.573771e-01  8.454500e-03  3.933848e-02  3.161097e+00  1.658096e-01  4.822879e-01  3.985837e-01
 134  3.058146e-01  8.747288e-03  2.175102e-02  3.161097e+00  1.658096e-01  4.862637e-01  5.889699e-01
 135  8.242705e-02  2.709971e-03  6.049788e-03  3.161097e+00  1.658096e-01  4.914303e-01  8.425362e-01
 136  1.021917e-01  3.031979e-03  3.267958e-03  3.161097e+00  1.658096e-01  6.897236e-01  1.929359e-01
 137  1.498216e-01  4.843257e-03  2.486119e-02  3.161097e+00  1.658096e-01  6.881375e-01  3.980095e-01
 138  1.091572e-01  4.714727e-03  6.309732e-03  3.161097e+00  1.658096e-01  6.815235e-01  5.914765e-01
 139  4.024830e-02  2.136775e-03  2.290568e-03  3.161097e+00  1.658096e-01  6.858108e-01  8.571271e-01
 140  3.227040e-02  1.168528e-03  1.099758e-03  3.161097e+00  1.658096e-01  8.852587e-01  1.886621e-01
 141  3.578380e-02  1.735888e-03  5.987227e-03  3.161097e+00  1.658096e-01  8.766646e-01  3.940806e-01
 142  2.111427e-02  1.594345e-03  1.251345e-03  3.161097e+00  1.658096e-01  8.681171e-01  5.818871e-01
 143  6.519726e-03  6.462296e-04  3.800173e-04  3.161097e+00  1.658096e-01  8.654394e-01  8.281258e-01
 144  4.594604e+00  9.044846e-02  1.454774e-01  4.883031e+00  2.402296e-01  1.408463e-01  1.938969e-01
 145  4.855096e+00  1.349342e-01  4.926164e-01  4.883031e+00  2.402296e-01  1.430886e-01  3.877066e-01
 146  2.072608e+00  1.216125e-01  5.003439e-01  4.883031e+00  2.402296e-01  1.434976e-01  5.837257e-01
 147  1.517027e-01  5.753252e-02  3.698138e-02  4.883031e+00  2.402296e-01  1.509710e-01  8.043159e-01
 148  1.847807e+00  2.713667e-02  8.797745e-02  4.883031e+00  2.402296e-01  2.428438e-01  1.930782e-01
 149  2.417179e+00  5.207164e-02  3.826403e-01  4.883031e+00  2.402296e-01  2.451283e-01  3.916659e-01
 150  1.189965e+00  3.710668e-02  6.150818e-02  4.883031e+00  2.402296e-01  2.457143e-01  5.834062e-01
 151  1.812321e-01  1.302618e-02  9.859521e-03  4.883031e+00  2.402296e-01  2.483299e-01  8.238572e-01
 152  7.752934e-01  1.556937e-02  6.266940e-02  4.883031e+00  2.402296e-01  3.443359e-01  1.965502e-01
 153  1.152383e+00  2.905719e-02  6.111782e-02  4.883031e+00  2.402296e-01  3.443117e-01  3.970413e-01
 154  7.331519e-01  2.752550e-02  1.124537e-01  4.883031e+00  2.402296e-01  3.461047e-01  5.854309e-01
 155  1.463574e-01  7.907656e-03  2.262383e-02  4.883031e+00  2.402296e-01  3.477800e-01  8.435946e-01
 156  2.691613e-01  6.042698e-03  2.921029e-02  4.883031e+00  2.402296e-01  4.777065e-01  1.942323e-01
 157  4.487061e-01  1.077971e-02  3.428147e-02  4.883031e+00  2.402296e-01  4.790633e-01  3.967894e-01
 158  3.207396e-01  1.105149e-02  6.064010e-02  4.883031e+00  2.402296e-01  4.827109e-01  5.919017e-01
 159  8.370271e-02  3.784471e-03  1.590472e-02  4.883031e+00  2.402296e-01  4.879022e-01  8.491913e-01
 160  9.336134e-02  3.942904e-03  1.026372e-02  4.883031e+00  2.402296e-01  6.828724e-01  1.934557e-01
 161  1.356399e-01  6.224275e-03  8.471858e-03  4.883031e+00  2.402296e-01  6.844902e-01  3.990827e-01
 162  1.003177e-01  5.958175e-03  1.338661e-02  4.883031e+00  2.402296e-01  6.801219e-01  5.944599e-01
 163  3.282429e-02  2.229350e-03  4.398891e-03  4.883031e+00  2.402296e-01  6.872336e-01  8.590633e-01
 164  2.270879e-02  1.383796e-03  2.526870e-03  4.883031e+00  2.402296e-01  8.759278e-01  1.871957e-01
 165  3.138730e-02  2.381826e-03  2.033948e-03  4.883031e+00  2.402296e-01  8.732899e-01  3.952891e-01
 166  1.996219e-02  2.009996e-03  2.684595e-03  4.883031e+00  2.402296e-01  8.689935e-01  5.937198e-01
 167  6.005016e-03  7.822121e-04  8.101490e-04  4.883031e+00  2.402296e-01  8.486877e-01  8.357317e-01
 168  5.316583e+00  2.333355e-01  1.870383e-01  7.485026e+00  3.401204e-01  1.410932e-01  1.941410e-01
 169  4.966055e+00  3.304191e-01  5.127713e-01  7.485026e+00  3.401204e-01  1.430425e-01  3.920746e-01
 170  2.598792e+00  2.892123e-01  6.280739e-01  7.485026e+00  3.401204e-01  1.457357e-01  5.991934e-01
 171  1.307970e-01  1.023743e-01  3.191105e-02  7.485026e+00  3.401204e-01  1.558570e-01  8.115309e-01
 172  1.858045e+00  5.913876e-02  9.433348e-02  7.485026e+00  3.401204e-01  2.437560e-01  1.956972e-01
 173  2.434709e+00  1.100614e-01  3.855069e-01  7.485026e+00  3.401204e-01  2.456315e-01  3.924102e-01
 174  1.323271e+00  8.447092e-02  7.001635e-02  7.485026e+00  3.401204e-01  2.457999e-01  5.821371e-01
 175  1.734828e-01  2.502693e-02  9.285683e-03  7.485026e+00  3.401204e-01  2.493036e-01  8.308998e-01
 176  7.780070e-01  3.476081e-02  6.469740e-02  7.485026e+00  3.401204e-01  3.420111e-01  2.004695e-01
 177  1.256747e+00  6.267817e-02  6.230853e-02  7.485026e+00  3.401204e-01  3.425380e-01  3.949068e-01
 178  6.683229e-01  5.911123e-02  1.029379e-01  7.485026e+00  3.401204e-01  3.444031e-01  5.860896e-01
 179  1.591739e-01  1.751775e-02  2.445445e-02  7.485026e+00  3.401204e-01  3.472754e-01  8.291543e-01
 180  2.597537e-01  1.362573e-02  2.808628e-02  7.485026e+00  3.401204e-01  4.763232e-01  1.972986e-01
 181  4.493092e-01  2.358511e-02  3.436889e-02  7.485026e+00  3.401204e-01  4.763413e-01  3.953151e-01
 182  3.201638e-01  2.332002e-02  6.121361e-02  7.485026e+00  3.401204e-01  4.741377e-01  5.852358e-01
 183  8.727522e-02  8.282246e-03  1.663850e-02  7.485026e+00  3.401204e-01  4.913399e-01  8.480696e-01
 184  7.713725e-02  7.654149e-03  8.532790e-03  7.485026e+00  3.401204e-01  6.761934e-01  1.970369e-01
 185  9.913210e-02  1.250096e-02  6.381686e-03  7.485026e+00  3.401204e-01  6.770024e-01  4.025335e-01
 186  1.283770e-01  1.411725e-02  1.721892e-02  7.485026e+00  3.401204e-01  6.860204e-01  5.872605e-01
 187  3.643485e-02  4.716532e-03  4.913973e-03  7.485026e+00  3.401204e-01  6.834702e-01  8.577111e-01
 188  1.283061e-02  2.404630e-03  1.437222e-03  7.485026e+00  3.401204e-01  8.783696e-01  2.080069e-01
 189  2.385598e-02  4.988418e-03  1.495377e-03  7.485026e+00  3.401204e-01  8.765910e-01  3.963163e-01
 190  1.809012e-02  4.406330e-03  2.415771e-03  7.485026e+00  3.401204e-01  8.540743e-01  5.885865e-01
 191  3.454732e-03  1.348941e-03  4.528657e-04  7.485026e+00  3.401204e-01  8.597220e-01  8.457547e-01
 192  4.932181e+00  4.819486e-01  1.902907e-01  1.024320e+01  4.520868e-01  1.388926e-01  1.830137e-01
 193  6.579849e+00  7.678726e-01  6.901452e-01  1.024320e+01  4.520868e-01  1.421393e-01  3.813609e-01
 194  2.827421e+00  5.702840e-01  1.350516e-01  1.024320e+01  4.520868e-01  1.438843e-01  5.793158e-01
 195  4.489379e-02  2.214326e-01  2.274484e-03  1.025349e+01  4.521247e-01  1.468594e-01  7.413051e-01
 196  1.893189e+00  1.213075e-01  1.077793e-01  1.024320e+01  4.520868e-01  2.408485e-01  1.944884e-01
 197  2.946546e+00  2.329190e-01  4.703567e-01  1.024320e+01  4.520868e-01  2.459105e-01  3.984838e-01
 198  1.591925e+00  1.726645e-01  8.565014e-02  1.024320e+01  4.520868e-01  2.438687e-01  5.741453e-01
 199  2.296021e-01  4.685883e-02  1.315943e-02  1.024320e+01  4.520868e-01  2.446625e-01  8.163217e-01
 200  6.950672e-01  7.053306e-02  5.711610e-02  1.024320e+01  4.520868e-01  3.435923e-01  1.969346e-01
 201  1.317168e+00  1.294170e-01  7.388144e-02  1.024320e+01  4.520868e-01  3.414058e-01  3.979212e-01
 202  8.256052e-01  1.247272e-01  1.281413e-01  1.024320e+01  4.520868e-01  3.467894e-01  5.925817e-01
 203  1.040337e-01  3.093909e-02  1.626418e-02  1.024320e+01  4.520868e-01  3.517448e-01  8.672419e-01
 204  2.523036e-01  2.800259e-02  2.729009e-02  1.024320e+01  4.520868e-01  4.818035e-01  1.903145e-01
 205  4.403017e-01  5.082171e-02  3.390006e-02  1.024320e+01  4.520868e-01  4.716682e-01  3.981205e-01
 206  3.012416e-01  5.029984e-02  5.734823e-02  1.024320e+01  4.520868e-01  4.862873e-01  5.912902e-01
 207  1.272046e-01  2.009345e-02  2.401418e-02  1.024320e+01  4.520868e-01  4.950722e-01  8.397526e-01
 208  3.892982e-02  1.358993e-02  4.318620e-03  1.024320e+01  4.520868e-01  6.744216e-01  1.999131e-01
 209  1.422891e-01  2.780559e-02  9.115279e-03  1.024320e+01  4.520868e-01  6.825999e-01  4.197665e-01
 210  1.219449e-01  3.154038e-02  1.610438e-02  1.024258e+01  4.519882e-01  6.942722e-01  5.806814e-01
 211  2.226511e-02  1.038402e-02  2.945105e-03  1.024320e+01  4.520868e-01  6.818366e-01  8.396797e-01
 212  1.048896e-02  5.229480e-03  1.166527e-03  1.024320e+01  4.520868e-01  8.656063e-01  2.280396e-01
 213  3.763449e-02  1.162681e-02  2.467198e-03  1.024320e+01  4.520868e-01  8.772131e-01  4.001148e-01
 214  1.322787e-02  1.378273e-02  6.441280e-04  1.025240e+01  4.522627e-01  8.502011e-01  5.739852e-01
 215  9.683686e-03  3.990841e-03  4.722708e-04  1.024320e+01  4.520868e-01  8.460237e-01  8.031973e-01
