#************************************************************************
# 
#    These are published data of the HERMES Collaboration.
#    You are free to use these data in any publication. 
#    However, you must make a reference to the following publication:
# 
#    A. Airapetian et al, Phys. Rev. D 87 (2013) 074029 
# 
#************************************************************************
# 
# K- multiplicities from HERMES
# Configuration: zx-3D (x: 9, z: 6, Php: 4)
# Target: H
# Optional settings: VM subtracted
#
#  i          mult    stat (+/-)    syst (+/-)            Q2             x             z           Php
   0  5.059262e-01  1.849049e-02  2.831929e-02  1.193053e+00  3.352578e-02  1.526970e-01  2.053972e-01
   1  6.911716e-01  2.335564e-02  3.033364e-02  1.193053e+00  3.352578e-02  1.529998e-01  4.222672e-01
   2  3.135852e-01  2.471413e-02  1.133418e-02  1.193053e+00  3.352578e-02  1.510102e-01  6.220233e-01
   3  6.100524e-02  2.167535e-02  1.756680e-03  1.193198e+00  3.352522e-02  1.727824e-01  9.488585e-01
   4  2.392973e-01  1.182311e-02  9.503233e-03  1.193053e+00  3.352578e-02  2.506864e-01  1.977266e-01
   5  3.438358e-01  1.274885e-02  1.435070e-02  1.193053e+00  3.352578e-02  2.552446e-01  4.114086e-01
   6  2.102516e-01  9.729240e-03  8.742047e-03  1.193053e+00  3.352578e-02  2.583111e-01  6.211838e-01
   7  4.544855e-02  3.968996e-03  1.771030e-03  1.193053e+00  3.352578e-02  2.761646e-01  9.642476e-01
   8  1.307880e-01  9.483228e-03  6.566094e-03  1.193053e+00  3.352578e-02  3.458292e-01  1.952436e-01
   9  2.102742e-01  1.130944e-02  1.047004e-02  1.193053e+00  3.352578e-02  3.516989e-01  4.063625e-01
  10  1.452898e-01  7.764149e-03  7.394778e-03  1.193053e+00  3.352578e-02  3.616612e-01  6.150371e-01
  11  4.365778e-02  2.637630e-03  2.354061e-03  1.193053e+00  3.352578e-02  3.572450e-01  8.885994e-01
  12  4.432726e-02  3.902042e-03  2.157489e-03  1.193053e+00  3.352578e-02  4.869506e-01  1.924037e-01
  13  7.957560e-02  5.073674e-03  3.589047e-03  1.193053e+00  3.352578e-02  4.975820e-01  4.118154e-01
  14  6.729630e-02  4.019482e-03  3.331749e-03  1.193053e+00  3.352578e-02  4.858872e-01  6.007115e-01
  15  2.390139e-02  1.305445e-03  1.125310e-03  1.193053e+00  3.352578e-02  5.001958e-01  8.837900e-01
  16  1.167635e-02  2.604117e-03  5.383113e-04  1.193053e+00  3.352578e-02  6.669367e-01  2.035803e-01
  17  2.810224e-02  3.516980e-03  1.190937e-03  1.193053e+00  3.352578e-02  6.727676e-01  3.951031e-01
  18  2.829382e-02  3.288536e-03  1.253546e-03  1.193053e+00  3.352578e-02  6.800448e-01  5.918983e-01
  19  9.359363e-03  1.094098e-03  4.083254e-04  1.193053e+00  3.352578e-02  6.837579e-01  9.017153e-01
  20  2.675124e-03  2.169333e-03  8.632138e-04  1.193053e+00  3.352578e-02  8.787676e-01  3.252518e-01
  21  4.207145e-03  2.351363e-03  1.357569e-03  1.193141e+00  3.352416e-02  8.522634e-01  3.924656e-01
  22  3.564141e-03  2.758339e-03  2.323099e-04  1.192960e+00  3.352751e-02  8.836012e-01  6.034484e-01
  23  8.709762e-04  8.207369e-04  5.036879e-05  1.192960e+00  3.352751e-02  8.422891e-01  8.624976e-01
  24  4.967385e-01  1.809713e-02  2.576382e-02  1.378543e+00  4.769428e-02  1.490730e-01  1.980001e-01
  25  6.447733e-01  2.486310e-02  3.020514e-02  1.378543e+00  4.769428e-02  1.481534e-01  4.107382e-01
  26  2.928952e-01  2.994156e-02  1.053599e-02  1.378543e+00  4.769428e-02  1.543086e-01  6.314739e-01
  27  5.560731e-02  2.352604e-02  1.684183e-03  1.378543e+00  4.769428e-02  1.883585e-01  1.003831e+00
  28  2.564787e-01  9.226876e-03  9.609435e-03  1.378543e+00  4.769428e-02  2.465854e-01  1.920406e-01
  29  3.125939e-01  1.110052e-02  1.029867e-02  1.378543e+00  4.769428e-02  2.470895e-01  3.978379e-01
  30  1.963324e-01  9.193675e-03  6.453096e-03  1.378543e+00  4.769428e-02  2.555950e-01  6.123531e-01
  31  4.681091e-02  3.876510e-03  8.572040e-04  1.378543e+00  4.769428e-02  2.529235e-01  8.724524e-01
  32  1.202479e-01  5.760527e-03  3.821755e-03  1.378543e+00  4.769428e-02  3.432360e-01  1.950745e-01
  33  1.680313e-01  8.343848e-03  5.106989e-03  1.378543e+00  4.769428e-02  3.457386e-01  3.969128e-01
  34  1.107180e-01  6.135565e-03  3.161780e-03  1.378543e+00  4.769428e-02  3.507449e-01  6.000064e-01
  35  3.423071e-02  2.163064e-03  7.725016e-04  1.378543e+00  4.769428e-02  3.551288e-01  8.672187e-01
  36  4.188165e-02  2.190803e-03  1.315703e-03  1.378543e+00  4.769428e-02  4.823904e-01  1.950811e-01
  37  7.323339e-02  3.781529e-03  2.195943e-03  1.378543e+00  4.769428e-02  4.895873e-01  4.031020e-01
  38  6.850228e-02  3.666495e-03  2.086821e-03  1.378543e+00  4.769428e-02  4.882977e-01  5.982590e-01
  39  1.929872e-02  1.075466e-03  5.796881e-04  1.378543e+00  4.769428e-02  4.941791e-01  8.778958e-01
  40  1.298568e-02  1.259604e-03  3.590240e-04  1.378543e+00  4.769428e-02  6.728896e-01  1.961500e-01
  41  2.503877e-02  2.362182e-03  7.831561e-04  1.378543e+00  4.769428e-02  6.764986e-01  4.008676e-01
  42  1.854897e-02  1.885808e-03  4.646331e-04  1.378543e+00  4.769428e-02  6.845564e-01  6.000570e-01
  43  7.219413e-03  7.342192e-04  1.849104e-04  1.378543e+00  4.769428e-02  6.808130e-01  8.850172e-01
  44  1.301911e-03  4.197772e-04  2.742278e-04  1.378543e+00  4.769428e-02  8.790387e-01  1.825260e-01
  45  2.302296e-03  8.903612e-04  1.046677e-04  1.378543e+00  4.769428e-02  8.497643e-01  3.863506e-01
  46  1.013143e-03  6.361412e-04  3.726185e-05  1.379045e+00  4.769246e-02  8.472281e-01  5.869324e-01
  47  2.940956e-04  1.263680e-04  1.000065e-05  1.378543e+00  4.769428e-02  8.434277e-01  8.683632e-01
  48  4.199244e-01  1.662579e-02  2.055300e-02  1.546139e+00  6.499065e-02  1.466851e-01  1.965557e-01
  49  5.453517e-01  2.435154e-02  2.497953e-02  1.546139e+00  6.499065e-02  1.460548e-01  4.077955e-01
  50  2.379734e-01  2.809539e-02  9.468987e-03  1.546139e+00  6.499065e-02  1.482957e-01  6.072485e-01
  51  5.546918e-02  1.908983e-02  1.873611e-03  1.546139e+00  6.499065e-02  1.684054e-01  8.964013e-01
  52  2.394233e-01  7.869300e-03  9.232695e-03  1.546139e+00  6.499065e-02  2.469909e-01  1.933226e-01
  53  2.589177e-01  9.912179e-03  9.612484e-03  1.546139e+00  6.499065e-02  2.465687e-01  3.985543e-01
  54  1.651214e-01  8.293094e-03  5.243320e-03  1.546139e+00  6.499065e-02  2.501294e-01  6.044142e-01
  55  4.400641e-02  4.024540e-03  1.078326e-03  1.546139e+00  6.499065e-02  2.505408e-01  8.605997e-01
  56  1.153245e-01  4.667088e-03  3.702656e-03  1.546139e+00  6.499065e-02  3.460107e-01  1.884084e-01
  57  1.853989e-01  7.828001e-03  4.894335e-03  1.546139e+00  6.499065e-02  3.454650e-01  3.984397e-01
  58  1.101216e-01  6.010093e-03  2.387965e-03  1.546139e+00  6.499065e-02  3.485833e-01  5.931125e-01
  59  2.408975e-02  1.746764e-03  4.958694e-04  1.546139e+00  6.499065e-02  3.496436e-01  8.556657e-01
  60  4.119672e-02  1.633073e-03  1.238542e-03  1.546139e+00  6.499065e-02  4.780959e-01  1.885599e-01
  61  7.237056e-02  3.287159e-03  2.376413e-03  1.546139e+00  6.499065e-02  4.833881e-01  4.011134e-01
  62  5.513524e-02  2.996961e-03  1.668213e-03  1.546139e+00  6.499065e-02  4.763889e-01  5.894759e-01
  63  1.427999e-02  9.126654e-04  4.200763e-04  1.546139e+00  6.499065e-02  4.975027e-01  8.587178e-01
  64  6.682383e-03  7.740397e-04  1.880198e-04  1.546139e+00  6.499065e-02  6.733839e-01  2.047332e-01
  65  2.086580e-02  1.747300e-03  5.131480e-04  1.546139e+00  6.499065e-02  6.784000e-01  4.087081e-01
  66  1.798764e-02  1.829133e-03  5.246953e-04  1.546139e+00  6.499065e-02  6.765805e-01  5.917214e-01
  67  6.547304e-03  6.893582e-04  2.019228e-04  1.546139e+00  6.499065e-02  6.842237e-01  8.626184e-01
  68  9.902814e-04  2.463744e-04  3.522181e-05  1.546139e+00  6.499065e-02  8.505199e-01  1.763453e-01
  69  1.038638e-03  4.454144e-04  8.222620e-05  1.546139e+00  6.499065e-02  8.471635e-01  4.277227e-01
  70  9.058816e-04  4.321634e-04  2.930443e-05  1.546139e+00  6.499065e-02  8.531799e-01  5.891898e-01
  71  5.567951e-04  2.214039e-04  1.784833e-05  1.546139e+00  6.499065e-02  8.382371e-01  8.671875e-01
  72  3.699703e-01  1.705667e-02  1.856590e-02  1.713564e+00  8.733686e-02  1.462095e-01  1.941582e-01
  73  5.427150e-01  2.780319e-02  2.504714e-02  1.713564e+00  8.733686e-02  1.443891e-01  4.010241e-01
  74  2.492996e-01  3.033069e-02  1.048956e-02  1.713564e+00  8.733686e-02  1.568377e-01  6.282667e-01
  75  5.302871e-02  1.806407e-02  1.980718e-03  1.716271e+00  8.733573e-02  1.583503e-01  8.176764e-01
  76  1.955353e-01  6.996053e-03  7.490401e-03  1.713564e+00  8.733686e-02  2.449904e-01  1.940329e-01
  77  2.372968e-01  9.986152e-03  8.896147e-03  1.713564e+00  8.733686e-02  2.457536e-01  3.967870e-01
  78  1.354861e-01  8.212788e-03  4.999168e-03  1.713564e+00  8.733686e-02  2.458561e-01  5.976754e-01
  79  2.938117e-02  3.700870e-03  7.378689e-04  1.713564e+00  8.733686e-02  2.550876e-01  8.811357e-01
  80  9.708664e-02  3.922101e-03  2.662064e-03  1.713564e+00  8.733686e-02  3.441467e-01  1.869979e-01
  81  1.312551e-01  7.236330e-03  3.684758e-03  1.713564e+00  8.733686e-02  3.457324e-01  3.966685e-01
  82  8.537401e-02  5.351096e-03  2.496389e-03  1.713564e+00  8.733686e-02  3.509693e-01  5.983044e-01
  83  1.772614e-02  1.663590e-03  5.255184e-04  1.713564e+00  8.733686e-02  3.473824e-01  8.628028e-01
  84  3.667148e-02  1.506063e-03  1.265969e-03  1.713564e+00  8.733686e-02  4.877598e-01  1.875906e-01
  85  5.956729e-02  2.935683e-03  2.004611e-03  1.713564e+00  8.733686e-02  4.872643e-01  4.003492e-01
  86  4.144888e-02  2.812922e-03  7.840100e-04  1.713564e+00  8.733686e-02  4.821716e-01  5.894173e-01
  87  1.181903e-02  8.420204e-04  2.937800e-04  1.713564e+00  8.733686e-02  4.889741e-01  8.656031e-01
  88  1.169663e-02  9.212628e-04  3.187951e-04  1.713564e+00  8.733686e-02  6.736964e-01  2.020662e-01
  89  1.765351e-02  1.565813e-03  5.133679e-04  1.713564e+00  8.733686e-02  6.708611e-01  4.047243e-01
  90  1.378156e-02  1.760290e-03  3.691602e-04  1.713564e+00  8.733686e-02  6.853449e-01  6.005291e-01
  91  5.247942e-03  6.196614e-04  1.178206e-04  1.713564e+00  8.733686e-02  6.879443e-01  8.615685e-01
  92  3.529371e-04  2.044554e-04  1.500412e-05  1.713564e+00  8.733686e-02  8.631740e-01  2.067300e-01
  93  5.530531e-04  3.427100e-04  2.637629e-05  1.713564e+00  8.733686e-02  8.455073e-01  3.981592e-01
  94  1.603374e-03  5.580679e-04  3.439108e-05  1.713564e+00  8.733686e-02  8.426720e-01  6.018288e-01
  95  2.633877e-04  2.047860e-04  5.649453e-06  1.702173e+00  8.734311e-02  8.125146e-01  7.043710e-01
  96  3.780440e-01  1.816877e-02  1.801341e-02  2.159913e+00  1.176152e-01  1.432714e-01  1.978480e-01
  97  5.275925e-01  2.941151e-02  2.856225e-02  2.159913e+00  1.176152e-01  1.442197e-01  3.981942e-01
  98  2.481711e-01  3.100605e-02  1.236008e-02  2.159913e+00  1.176152e-01  1.528167e-01  5.891321e-01
  99  2.500291e-02  1.445895e-02  1.103399e-03  2.159913e+00  1.176152e-01  1.622438e-01  7.928141e-01
 100  1.734650e-01  6.207872e-03  6.320474e-03  2.159913e+00  1.176152e-01  2.449729e-01  1.852210e-01
 101  2.154099e-01  1.005205e-02  7.317157e-03  2.159913e+00  1.176152e-01  2.463555e-01  3.974112e-01
 102  1.271249e-01  8.647069e-03  4.752028e-03  2.159913e+00  1.176152e-01  2.467865e-01  5.884471e-01
 103  3.286661e-02  3.888289e-03  8.470954e-04  2.159913e+00  1.176152e-01  2.490760e-01  8.397347e-01
 104  8.438099e-02  3.421620e-03  2.127527e-03  2.159913e+00  1.176152e-01  3.451926e-01  1.898376e-01
 105  1.214257e-01  6.600583e-03  2.965842e-03  2.159913e+00  1.176152e-01  3.452598e-01  3.966828e-01
 106  8.070526e-02  5.710744e-03  2.666194e-03  2.159913e+00  1.176152e-01  3.502216e-01  5.952402e-01
 107  1.874747e-02  1.791285e-03  6.468846e-04  2.159913e+00  1.176152e-01  3.433950e-01  8.734907e-01
 108  3.230214e-02  1.310445e-03  1.120795e-03  2.159913e+00  1.176152e-01  4.772954e-01  1.921486e-01
 109  4.989195e-02  2.527911e-03  1.712709e-03  2.159913e+00  1.176152e-01  4.845277e-01  3.983023e-01
 110  3.924948e-02  2.673720e-03  1.310563e-03  2.159913e+00  1.176152e-01  4.791474e-01  5.869591e-01
 111  1.253005e-02  9.160598e-04  2.488755e-04  2.159913e+00  1.176152e-01  4.944384e-01  8.579317e-01
 112  8.507304e-03  8.499675e-04  1.977877e-04  2.159913e+00  1.176152e-01  6.807305e-01  1.938152e-01
 113  1.438507e-02  1.466629e-03  3.816477e-04  2.159913e+00  1.176152e-01  6.772358e-01  4.011730e-01
 114  1.364347e-02  1.659715e-03  3.331493e-04  2.159913e+00  1.176152e-01  6.669346e-01  6.064561e-01
 115  4.514996e-03  6.001589e-04  1.197196e-04  2.159913e+00  1.176152e-01  6.802421e-01  8.490293e-01
 116  6.434138e-04  2.457402e-04  3.539091e-05  2.162343e+00  1.176240e-01  8.355415e-01  1.785468e-01
 117  4.835688e-04  4.721935e-04  2.659865e-05  2.149755e+00  1.175516e-01  8.340925e-01  3.979044e-01
 118  4.271605e-04  3.256139e-04  1.995165e-05  2.159913e+00  1.176152e-01  8.405713e-01  5.972321e-01
 119  1.195048e-04  8.798826e-05  4.152209e-06  2.165092e+00  1.176572e-01  8.148147e-01  9.100036e-01
 120  3.497660e-01  2.320958e-02  1.937816e-02  3.161097e+00  1.658096e-01  1.436563e-01  1.893236e-01
 121  4.557609e-01  3.893579e-02  2.699633e-02  3.161097e+00  1.658096e-01  1.419007e-01  3.923425e-01
 122  2.443896e-01  4.427491e-02  1.406219e-02  3.161097e+00  1.658096e-01  1.492595e-01  5.799636e-01
 123  3.360204e-02  1.924176e-02  1.714390e-03  3.161097e+00  1.658096e-01  1.554623e-01  8.239647e-01
 124  1.744072e-01  7.169637e-03  6.808797e-03  3.161097e+00  1.658096e-01  2.447550e-01  1.878626e-01
 125  1.935224e-01  1.283817e-02  7.088902e-03  3.161097e+00  1.658096e-01  2.456046e-01  3.978518e-01
 126  1.554743e-01  1.210165e-02  5.943480e-03  3.161097e+00  1.658096e-01  2.485860e-01  5.910880e-01
 127  3.296400e-02  5.255903e-03  1.034187e-03  3.161097e+00  1.658096e-01  2.458775e-01  8.277042e-01
 128  8.289484e-02  3.976672e-03  2.857470e-03  3.161097e+00  1.658096e-01  3.428092e-01  1.917628e-01
 129  1.234439e-01  7.945962e-03  4.243221e-03  3.161097e+00  1.658096e-01  3.448173e-01  4.017540e-01
 130  6.527250e-02  6.484504e-03  2.157679e-03  3.161097e+00  1.658096e-01  3.419880e-01  5.885361e-01
 131  2.070226e-02  2.539659e-03  5.070189e-04  3.161097e+00  1.658096e-01  3.439155e-01  8.559496e-01
 132  2.575347e-02  1.407251e-03  7.978740e-04  3.161097e+00  1.658096e-01  4.766735e-01  1.971757e-01
 133  4.909550e-02  2.908820e-03  1.540961e-03  3.161097e+00  1.658096e-01  4.755346e-01  3.968222e-01
 134  3.728548e-02  3.046864e-03  1.148091e-03  3.161097e+00  1.658096e-01  4.797144e-01  5.905672e-01
 135  1.058664e-02  1.035704e-03  2.949180e-04  3.161097e+00  1.658096e-01  4.897456e-01  8.484446e-01
 136  6.010501e-03  8.383614e-04  1.794861e-04  3.161097e+00  1.658096e-01  6.708334e-01  1.979351e-01
 137  1.327167e-02  1.621072e-03  3.815280e-04  3.161097e+00  1.658096e-01  6.725426e-01  4.014081e-01
 138  1.139518e-02  1.724869e-03  2.816966e-04  3.161097e+00  1.658096e-01  6.678280e-01  6.041365e-01
 139  3.217369e-03  6.437608e-04  8.998077e-05  3.161097e+00  1.658096e-01  6.647197e-01  8.708720e-01
 140  2.075641e-04  2.211750e-04  1.627729e-05  3.162646e+00  1.658204e-01  8.865184e-01  2.369352e-01
 141  1.191322e-03  4.360448e-04  3.728136e-05  3.162646e+00  1.658204e-01  8.341978e-01  3.753491e-01
 142  5.819008e-04  3.242578e-04  1.787183e-05  3.161097e+00  1.658096e-01  8.359141e-01  5.600351e-01
 143  1.752425e-04  1.237224e-04  6.211366e-06  3.162646e+00  1.658204e-01  8.091364e-01  8.663924e-01
 144  3.684482e-01  3.474098e-02  1.038273e-01  4.883031e+00  2.402296e-01  1.441956e-01  1.895232e-01
 145  5.198433e-01  6.790025e-02  3.189325e-02  4.883031e+00  2.402296e-01  1.430808e-01  4.017017e-01
 146  3.110559e-01  6.952481e-02  1.705567e-02  4.883031e+00  2.402296e-01  1.461584e-01  5.837343e-01
 147  1.129236e-02  3.195202e-02  6.191776e-04  4.879194e+00  2.402291e-01  1.559836e-01  7.447814e-01
 148  1.721679e-01  9.304450e-03  6.049276e-03  4.883031e+00  2.402296e-01  2.433275e-01  1.958742e-01
 149  2.413261e-01  1.988085e-02  9.500527e-03  4.883031e+00  2.402296e-01  2.446828e-01  3.918715e-01
 150  1.376683e-01  1.722645e-02  5.019797e-03  4.883031e+00  2.402296e-01  2.417032e-01  5.847902e-01
 151  5.462618e-02  8.523413e-03  1.808828e-03  4.883031e+00  2.402296e-01  2.420470e-01  8.517205e-01
 152  7.905599e-02  5.147195e-03  2.625270e-03  4.883031e+00  2.402296e-01  3.429139e-01  1.974161e-01
 153  1.193960e-01  1.054039e-02  4.245130e-03  4.883031e+00  2.402296e-01  3.405747e-01  3.930605e-01
 154  9.661873e-02  1.164069e-02  3.206342e-03  4.883031e+00  2.402296e-01  3.458665e-01  5.837476e-01
 155  1.566166e-02  3.293181e-03  5.570463e-04  4.883031e+00  2.402296e-01  3.422893e-01  8.373789e-01
 156  2.416791e-02  1.774810e-03  2.329867e-03  4.883031e+00  2.402296e-01  4.765164e-01  1.933660e-01
 157  5.228030e-02  3.820544e-03  2.645419e-03  4.883031e+00  2.402296e-01  4.797861e-01  4.010008e-01
 158  3.426332e-02  3.937019e-03  1.804858e-03  4.883031e+00  2.402296e-01  4.832162e-01  5.888058e-01
 159  1.180326e-02  1.623505e-03  5.864376e-04  4.883031e+00  2.402296e-01  4.856637e-01  8.603341e-01
 160  5.015681e-03  1.012113e-03  2.508786e-04  4.883031e+00  2.402296e-01  6.897929e-01  2.059477e-01
 161  1.109098e-02  1.990403e-03  5.429884e-04  4.883031e+00  2.402296e-01  6.628916e-01  3.943149e-01
 162  9.723526e-03  1.961801e-03  4.825520e-04  4.883031e+00  2.402296e-01  6.719839e-01  5.974178e-01
 163  1.426654e-03  5.712303e-04  7.271626e-05  4.883031e+00  2.402296e-01  6.664235e-01  8.529675e-01
 164  5.918008e-04  4.424949e-04  3.016396e-05  4.878855e+00  2.402088e-01  8.578829e-01  2.048174e-01
 165  6.491940e-04  3.820440e-04  3.275140e-05  4.883031e+00  2.402296e-01  8.427744e-01  3.851917e-01
 166  1.514358e-03  1.877919e-03  7.639832e-05  4.877686e+00  2.401389e-01  9.199743e-01  5.840734e-01
 167  3.962374e-04  1.890912e-04  1.115985e-04  4.883734e+00  2.402415e-01  8.527528e-01  8.795691e-01
 168  3.815955e-01  8.883120e-02  2.846502e-02  7.485026e+00  3.401204e-01  1.437093e-01  2.076531e-01
 169  3.781991e-01  2.031476e-01  2.821166e-02  7.483775e+00  3.402374e-01  1.398725e-01  3.777244e-01
 170  3.148397e-01  1.568707e-01  8.971235e-02  7.485026e+00  3.401204e-01  1.540397e-01  6.022318e-01
 171  0.000000e+00  0.000000e+00  0.000000e+00  0.000000e+00  0.000000e+00  0.000000e+00  0.000000e+00
 172  1.928645e-01  2.225373e-02  1.128671e-02  7.485026e+00  3.401204e-01  2.444963e-01  1.992825e-01
 173  1.951052e-01  4.236629e-02  1.195402e-02  7.485026e+00  3.401204e-01  2.431646e-01  3.885829e-01
 174  2.185654e-01  4.547676e-02  1.396487e-02  7.485026e+00  3.401204e-01  2.480816e-01  5.924992e-01
 175  2.653406e-02  1.364301e-02  1.478923e-03  7.485026e+00  3.401204e-01  2.396276e-01  8.232157e-01
 176  7.312093e-02  1.166139e-02  3.615218e-03  7.485026e+00  3.401204e-01  3.414850e-01  1.920934e-01
 177  1.189995e-01  2.222152e-02  6.164946e-03  7.485026e+00  3.401204e-01  3.506992e-01  3.905286e-01
 178  7.267422e-02  2.568553e-02  3.790932e-03  7.485026e+00  3.401204e-01  3.525059e-01  5.796894e-01
 179  1.596544e-02  6.843554e-03  8.406024e-04  7.485026e+00  3.401204e-01  3.479750e-01  8.428766e-01
 180  2.643098e-02  4.219820e-03  2.522338e-03  7.485026e+00  3.401204e-01  4.724096e-01  1.994177e-01
 181  5.439288e-02  8.507878e-03  2.662462e-03  7.485026e+00  3.401204e-01  4.786454e-01  3.942622e-01
 182  3.599035e-02  7.918255e-03  1.702635e-03  7.485026e+00  3.401204e-01  4.850986e-01  5.866768e-01
 183  1.408115e-02  3.672150e-03  6.749417e-04  7.485026e+00  3.401204e-01  4.818096e-01  8.191236e-01
 184  0.000000e+00  0.000000e+00  0.000000e+00  0.000000e+00  0.000000e+00  0.000000e+00  0.000000e+00
 185  5.648554e-03  3.913662e-03  3.495395e-04  7.485026e+00  3.401204e-01  6.714254e-01  4.148553e-01
 186  1.093695e-02  4.273718e-03  6.728015e-04  7.483440e+00  3.400733e-01  6.614417e-01  6.097908e-01
 187  9.421629e-04  1.413254e-03  5.796574e-05  7.488444e+00  3.400888e-01  6.579240e-01  8.464755e-01
 188  2.539293e-03  9.464273e-04  1.606073e-04  7.483440e+00  3.400733e-01  8.500786e-01  1.662775e-01
 189  0.000000e+00  0.000000e+00  0.000000e+00  0.000000e+00  0.000000e+00  0.000000e+00  0.000000e+00
 190  1.602917e-04  8.819961e-04  4.515498e-05  7.483440e+00  3.400733e-01  9.743364e-01  5.166511e-01
 191  5.930524e-04  7.514872e-04  1.670658e-04  7.483775e+00  3.402374e-01  8.249449e-01  8.508271e-01
 192  4.940178e-01  2.904313e-01  1.407112e-01  1.025240e+01  4.522627e-01  1.340375e-01  1.893784e-01
 193  1.528538e-02  3.905632e-01  4.353738e-03  1.022944e+01  4.518237e-01  9.413391e-02  5.544703e-01
 194  1.027058e+00  5.563959e-01  2.913338e-01  1.025349e+01  4.521247e-01  1.481127e-01  6.469717e-01
 195  0.000000e+00  0.000000e+00  0.000000e+00  0.000000e+00  0.000000e+00  0.000000e+00  0.000000e+00
 196  1.661224e-01  4.512881e-02  1.009410e-02  1.024320e+01  4.520868e-01  2.400240e-01  1.882412e-01
 197  1.953873e-01  8.390694e-02  1.327603e-02  1.024320e+01  4.520868e-01  2.603323e-01  3.881249e-01
 198  1.029660e-01  9.321358e-02  6.996256e-03  1.023359e+01  4.520513e-01  2.595239e-01  6.206965e-01
 199  2.412145e-02  2.207775e-02  1.063132e-02  1.024320e+01  4.520868e-01  2.563091e-01  8.140310e-01
 200  1.233688e-01  3.054626e-02  6.255643e-03  1.024320e+01  4.520868e-01  3.353459e-01  1.751699e-01
 201  7.757086e-02  4.241566e-02  3.995044e-03  1.024258e+01  4.519882e-01  3.456042e-01  4.304222e-01
 202  1.084521e-01  5.839973e-02  1.075484e-02  1.024258e+01  4.519882e-01  3.430203e-01  6.224606e-01
 203  2.283412e-02  1.195645e-02  1.125782e-03  1.024320e+01  4.520868e-01  3.577077e-01  8.711764e-01
 204  2.212376e-02  8.710608e-03  2.106842e-03  1.024320e+01  4.520868e-01  4.946250e-01  2.171638e-01
 205  5.040110e-02  1.817707e-02  2.389874e-03  1.024320e+01  4.520868e-01  4.983744e-01  3.952176e-01
 206  6.413876e-02  2.961849e-02  3.158515e-03  1.025240e+01  4.522627e-01  4.409692e-01  5.864436e-01
 207  7.070274e-03  8.841851e-03  3.481758e-04  1.022944e+01  4.518237e-01  5.056579e-01  8.693808e-01
 208  1.457433e-03  3.914048e-03  8.053106e-05  1.024258e+01  4.519882e-01  6.615321e-01  1.383510e-01
 209  2.251637e-02  1.026328e-02  1.115750e-03  1.024258e+01  4.519882e-01  6.538708e-01  4.086819e-01
 210  9.886088e-03  1.493382e-02  4.898838e-04  1.022944e+01  4.518237e-01  6.523767e-01  5.829139e-01
 211  2.584707e-03  4.471848e-03  1.280796e-04  1.022944e+01  4.518237e-01  6.360630e-01  7.578427e-01
 212  0.000000e+00  0.000000e+00  0.000000e+00  0.000000e+00  0.000000e+00  0.000000e+00  0.000000e+00
 213  0.000000e+00  0.000000e+00  0.000000e+00  0.000000e+00  0.000000e+00  0.000000e+00  0.000000e+00
 214  0.000000e+00  0.000000e+00  0.000000e+00  0.000000e+00  0.000000e+00  0.000000e+00  0.000000e+00
 215  0.000000e+00  0.000000e+00  0.000000e+00  0.000000e+00  0.000000e+00  0.000000e+00  0.000000e+00
