#************************************************************************
# 
#    These are published data of the HERMES Collaboration.
#    You are free to use these data in any publication. 
#    However, you must make a reference to the following publication:
# 
#    A. Airapetian et al, Phys. Rev. D 87 (2013) 074029 
# 
#************************************************************************
# 
# pi- multiplicities from HERMES
# Configuration: zx-3D (x: 9, z: 6, Php: 4)
# Target: D
# Optional settings: VM subtracted
#
#  i          mult    stat (+/-)    syst (+/-)            Q2             x             z           Php
   0  6.253577e+00  4.363425e-02  8.444744e-01  1.193097e+00  3.348903e-02  1.560903e-01  2.129925e-01
   1  7.154798e+00  5.308979e-02  1.184234e+00  1.193097e+00  3.348903e-02  1.591215e-01  4.350717e-01
   2  3.128247e+00  5.735024e-02  6.080688e-01  1.193097e+00  3.348903e-02  1.654270e-01  6.700447e-01
   3  4.754283e-01  3.987026e-02  9.250651e-02  1.193097e+00  3.348903e-02  1.746199e-01  9.914423e-01
   4  2.282466e+00  2.847727e-02  9.702652e-02  1.193097e+00  3.348903e-02  2.544843e-01  2.062800e-01
   5  3.256018e+00  3.056099e-02  2.205165e-01  1.193097e+00  3.348903e-02  2.606379e-01  4.202482e-01
   6  1.876828e+00  2.295481e-02  1.878776e-01  1.193097e+00  3.348903e-02  2.653170e-01  6.324123e-01
   7  3.903690e-01  8.535511e-03  3.942424e-02  1.193097e+00  3.348903e-02  2.714063e-01  9.327316e-01
   8  9.319158e-01  1.994129e-02  7.779552e-02  1.193097e+00  3.348903e-02  3.559845e-01  2.039975e-01
   9  1.508628e+00  2.265106e-02  5.899563e-02  1.193097e+00  3.348903e-02  3.610568e-01  4.157703e-01
  10  1.083397e+00  1.711986e-02  5.061119e-02  1.193097e+00  3.348903e-02  3.651246e-01  6.194490e-01
  11  2.678200e-01  5.407104e-03  1.193047e-02  1.193097e+00  3.348903e-02  3.680854e-01  9.000021e-01
  12  3.461683e-01  9.052544e-03  5.421243e-02  1.193097e+00  3.348903e-02  4.859039e-01  1.967435e-01
  13  6.100910e-01  1.011975e-02  5.115403e-02  1.193097e+00  3.348903e-02  4.977008e-01  4.102934e-01
  14  4.597764e-01  8.207039e-03  2.324548e-02  1.193097e+00  3.348903e-02  5.025180e-01  6.150626e-01
  15  1.469894e-01  2.586826e-03  7.218063e-03  1.193097e+00  3.348903e-02  5.031869e-01  8.890444e-01
  16  1.276478e-01  5.282495e-03  1.828164e-02  1.193097e+00  3.348903e-02  6.976440e-01  1.962125e-01
  17  1.756970e-01  5.184586e-03  1.798313e-02  1.193097e+00  3.348903e-02  6.920064e-01  3.967916e-01
  18  1.224355e-01  4.329286e-03  9.069281e-03  1.193097e+00  3.348903e-02  6.886966e-01  5.931417e-01
  19  5.280303e-02  1.728559e-03  3.856331e-03  1.193097e+00  3.348903e-02  6.900156e-01  8.953059e-01
  20  1.164950e-02  9.737792e-04  1.677808e-03  1.193097e+00  3.348903e-02  8.849859e-01  1.747545e-01
  21  1.541187e-02  1.458898e-03  1.582842e-03  1.193097e+00  3.348903e-02  8.549856e-01  3.866541e-01
  22  1.937092e-02  2.238214e-03  1.422720e-03  1.193097e+00  3.348903e-02  8.683778e-01  5.946258e-01
  23  6.850440e-03  1.308337e-03  4.994244e-04  1.193097e+00  3.348903e-02  8.630288e-01  8.549270e-01
  24  5.935036e+00  4.239845e-02  6.920766e-01  1.382232e+00  4.767331e-02  1.479863e-01  2.025426e-01
  25  6.587793e+00  5.444904e-02  1.088875e+00  1.382232e+00  4.767331e-02  1.523828e-01  4.165824e-01
  26  2.725607e+00  6.168705e-02  4.874492e-01  1.382232e+00  4.767331e-02  1.574464e-01  6.415377e-01
  27  4.396185e-01  4.630268e-02  7.869757e-02  1.382232e+00  4.767331e-02  1.699809e-01  9.535998e-01
  28  2.276638e+00  2.176913e-02  1.029646e-01  1.382232e+00  4.767331e-02  2.463141e-01  1.967552e-01
  29  3.089838e+00  2.741287e-02  1.748445e-01  1.382232e+00  4.767331e-02  2.508343e-01  4.053975e-01
  30  1.663824e+00  2.095765e-02  1.457252e-01  1.382232e+00  4.767331e-02  2.552233e-01  6.088656e-01
  31  2.814375e-01  7.995622e-03  2.489701e-02  1.382232e+00  4.767331e-02  2.657133e-01  9.070215e-01
  32  9.502391e-01  1.397579e-02  8.255044e-02  1.382232e+00  4.767331e-02  3.471038e-01  1.978633e-01
  33  1.512571e+00  2.040460e-02  5.622072e-02  1.382232e+00  4.767331e-02  3.504047e-01  4.041289e-01
  34  9.403544e-01  1.507777e-02  2.861838e-02  1.382232e+00  4.767331e-02  3.555797e-01  6.040009e-01
  35  2.216988e-01  4.854292e-03  6.133128e-03  1.382232e+00  4.767331e-02  3.580525e-01  8.775135e-01
  36  3.361774e-01  5.423654e-03  4.855347e-02  1.382232e+00  4.767331e-02  4.838048e-01  1.977845e-01
  37  5.651748e-01  8.088965e-03  5.200267e-02  1.382232e+00  4.767331e-02  4.897264e-01  4.033289e-01
  38  4.249433e-01  7.177895e-03  2.233309e-02  1.382232e+00  4.767331e-02  4.917190e-01  5.974528e-01
  39  1.363481e-01  2.463239e-03  7.404808e-03  1.382232e+00  4.767331e-02  4.974931e-01  8.788703e-01
  40  9.972829e-02  2.478422e-03  1.538938e-02  1.382232e+00  4.767331e-02  6.909761e-01  1.984293e-01
  41  1.967909e-01  4.190714e-03  1.879937e-02  1.382232e+00  4.767331e-02  6.897317e-01  3.983158e-01
  42  1.279634e-01  3.613489e-03  7.829065e-03  1.382232e+00  4.767331e-02  6.832526e-01  5.940192e-01
  43  4.707874e-02  1.417238e-03  2.951215e-03  1.382232e+00  4.767331e-02  6.867816e-01  8.730859e-01
  44  2.361355e-02  6.345686e-04  3.640203e-03  1.382232e+00  4.767331e-02  8.859386e-01  1.811695e-01
  45  2.195832e-02  8.988394e-04  2.086834e-03  1.382232e+00  4.767331e-02  8.760446e-01  3.936964e-01
  46  1.311335e-02  9.183682e-04  8.472767e-04  1.382232e+00  4.767331e-02  8.663613e-01  5.940460e-01
  47  4.401425e-03  3.701558e-04  2.805027e-04  1.382232e+00  4.767331e-02  8.595749e-01  8.674220e-01
  48  5.918644e+00  4.512214e-02  5.255085e-01  1.555334e+00  6.495400e-02  1.450257e-01  1.981838e-01
  49  6.329082e+00  5.696219e-02  8.520689e-01  1.555334e+00  6.495400e-02  1.488733e-01  4.056776e-01
  50  2.529846e+00  6.242395e-02  4.642301e-01  1.555334e+00  6.495400e-02  1.533987e-01  6.278804e-01
  51  4.375391e-01  4.589722e-02  7.398271e-02  1.555334e+00  6.495400e-02  1.603262e-01  8.808428e-01
  52  2.211649e+00  1.887763e-02  7.056256e-02  1.555334e+00  6.495400e-02  2.450189e-01  1.945688e-01
  53  2.851699e+00  2.640295e-02  1.150655e-01  1.555334e+00  6.495400e-02  2.476187e-01  3.981141e-01
  54  1.422748e+00  1.956981e-02  1.036695e-01  1.555334e+00  6.495400e-02  2.524506e-01  6.005052e-01
  55  2.698271e-01  7.641756e-03  2.009814e-02  1.555334e+00  6.495400e-02  2.573969e-01  8.755334e-01
  56  9.570907e-01  1.168785e-02  9.380620e-02  1.555334e+00  6.495400e-02  3.453041e-01  1.960969e-01
  57  1.468211e+00  1.947326e-02  7.131710e-02  1.555334e+00  6.495400e-02  3.477401e-01  3.984441e-01
  58  8.793928e-01  1.451275e-02  1.482907e-02  1.555334e+00  6.495400e-02  3.515856e-01  5.961874e-01
  59  1.919551e-01  4.371247e-03  5.599113e-03  1.555334e+00  6.495400e-02  3.555699e-01  8.607055e-01
  60  3.559288e-01  4.567088e-03  5.515380e-02  1.555334e+00  6.495400e-02  4.845149e-01  1.983759e-01
  61  5.916422e-01  7.853456e-03  5.967474e-02  1.555334e+00  6.495400e-02  4.858250e-01  3.992072e-01
  62  4.256081e-01  7.299283e-03  2.687006e-02  1.555334e+00  6.495400e-02  4.865069e-01  5.940116e-01
  63  1.174735e-01  2.186277e-03  7.194570e-03  1.555334e+00  6.495400e-02  4.949459e-01  8.636194e-01
  64  1.170365e-01  2.257554e-03  2.110821e-02  1.555334e+00  6.495400e-02  6.916930e-01  1.950172e-01
  65  1.951422e-01  3.882641e-03  2.343962e-02  1.555334e+00  6.495400e-02  6.907109e-01  3.961443e-01
  66  1.447192e-01  3.896279e-03  1.172407e-02  1.555334e+00  6.495400e-02  6.857460e-01  5.891598e-01
  67  4.666556e-02  1.414438e-03  3.725797e-03  1.555334e+00  6.495400e-02  6.834700e-01  8.642746e-01
  68  3.001480e-02  6.564798e-04  5.418252e-03  1.555334e+00  6.495400e-02  8.926566e-01  1.831298e-01
  69  3.497348e-02  1.069914e-03  4.226461e-03  1.555334e+00  6.495400e-02  8.730523e-01  3.874854e-01
  70  1.904480e-02  1.059859e-03  1.536759e-03  1.555334e+00  6.495400e-02  8.693446e-01  5.869428e-01
  71  6.991351e-03  4.570775e-04  5.671678e-04  1.555334e+00  6.495400e-02  8.616981e-01  8.582636e-01
  72  5.630718e+00  5.070688e-02  4.545376e-01  1.727795e+00  8.728510e-02  1.424827e-01  1.940993e-01
  73  5.787301e+00  6.271947e-02  6.977408e-01  1.727795e+00  8.728510e-02  1.457950e-01  3.966031e-01
  74  2.365673e+00  6.957856e-02  3.672895e-01  1.727795e+00  8.728510e-02  1.480333e-01  6.026549e-01
  75  2.649919e-01  3.532348e-02  4.114240e-02  1.727795e+00  8.728510e-02  1.579727e-01  8.348096e-01
  76  2.085957e+00  1.928392e-02  9.325275e-02  1.727795e+00  8.728510e-02  2.436664e-01  1.949048e-01
  77  2.716732e+00  2.911529e-02  6.960856e-02  1.727795e+00  8.728510e-02  2.461648e-01  3.940382e-01
  78  1.227233e+00  2.017456e-02  6.904540e-02  1.727795e+00  8.728510e-02  2.499826e-01  5.922873e-01
  79  2.328368e-01  7.824500e-03  1.401681e-02  1.727795e+00  8.728510e-02  2.560785e-01  8.668016e-01
  80  9.520881e-01  1.159647e-02  1.037046e-01  1.727795e+00  8.728510e-02  3.439919e-01  1.970492e-01
  81  1.364783e+00  2.067259e-02  7.574826e-02  1.727795e+00  8.728510e-02  3.461961e-01  3.971728e-01
  82  8.179508e-01  1.495686e-02  2.090463e-02  1.727795e+00  8.728510e-02  3.479359e-01  5.914462e-01
  83  1.479032e-01  4.143074e-03  3.921480e-03  1.727795e+00  8.728510e-02  3.513490e-01  8.520618e-01
  84  3.563205e-01  4.514957e-03  5.938330e-02  1.727795e+00  8.728510e-02  4.838305e-01  1.974441e-01
  85  5.671980e-01  8.337907e-03  6.451323e-02  1.727795e+00  8.728510e-02  4.846026e-01  3.991052e-01
  86  3.988106e-01  7.762498e-03  3.121841e-02  1.727795e+00  8.728510e-02  4.895085e-01  5.896854e-01
  87  9.997504e-02  2.244467e-03  7.850024e-03  1.727795e+00  8.728510e-02  4.968015e-01  8.571336e-01
  88  1.319693e-01  2.735255e-03  2.330859e-02  1.727795e+00  8.728510e-02  6.952795e-01  1.938626e-01
  89  2.093524e-01  4.615415e-03  3.111622e-02  1.727795e+00  8.728510e-02  6.917168e-01  3.980806e-01
  90  1.551786e-01  4.838115e-03  1.681648e-02  1.727795e+00  8.728510e-02  6.874462e-01  5.901182e-01
  91  5.707261e-02  2.002796e-03  6.238588e-03  1.727795e+00  8.728510e-02  6.858151e-01  8.544269e-01
  92  4.237920e-02  8.861444e-04  7.446652e-03  1.727795e+00  8.728510e-02  8.944061e-01  1.876113e-01
  93  4.787180e-02  1.458997e-03  7.077093e-03  1.727795e+00  8.728510e-02  8.793228e-01  3.906682e-01
  94  2.663409e-02  1.445479e-03  2.866421e-03  1.727795e+00  8.728510e-02  8.705735e-01  5.765131e-01
  95  7.694505e-03  5.705620e-04  8.262136e-04  1.727795e+00  8.728510e-02  8.541109e-01  8.532242e-01
  96  5.573257e+00  5.430996e-02  4.613806e-01  2.173184e+00  1.175628e-01  1.412057e-01  1.917076e-01
  97  5.529191e+00  6.753616e-02  6.041107e-01  2.173184e+00  1.175628e-01  1.435180e-01  3.914034e-01
  98  2.239834e+00  6.995897e-02  3.170315e-01  2.173184e+00  1.175628e-01  1.454377e-01  5.887176e-01
  99  1.920593e-01  3.278108e-02  3.081184e-02  2.173184e+00  1.175628e-01  1.577667e-01  8.353890e-01
 100  2.119506e+00  1.932350e-02  1.219991e-01  2.173184e+00  1.175628e-01  2.431184e-01  1.923375e-01
 101  2.579889e+00  3.013034e-02  4.148769e-02  2.173184e+00  1.175628e-01  2.450070e-01  3.939043e-01
 102  1.164599e+00  2.036192e-02  5.063737e-02  2.173184e+00  1.175628e-01  2.475562e-01  5.868597e-01
 103  1.882608e-01  7.306862e-03  8.436175e-03  2.173184e+00  1.175628e-01  2.496716e-01  8.433733e-01
 104  9.533743e-01  1.087654e-02  1.170114e-01  2.173184e+00  1.175628e-01  3.443431e-01  1.943252e-01
 105  1.392324e+00  2.079510e-02  9.571498e-02  2.173184e+00  1.175628e-01  3.452128e-01  3.949899e-01
 106  8.074258e-01  1.582204e-02  3.108200e-02  2.173184e+00  1.175628e-01  3.483310e-01  5.863204e-01
 107  1.394108e-01  4.261739e-03  5.345146e-03  2.173184e+00  1.175628e-01  3.503286e-01  8.402492e-01
 108  3.520916e-01  4.225474e-03  6.284358e-02  2.173184e+00  1.175628e-01  4.813268e-01  1.951352e-01
 109  5.606314e-01  7.936466e-03  7.210137e-02  2.173184e+00  1.175628e-01  4.833689e-01  3.966642e-01
 110  3.836495e-01  7.844968e-03  3.637777e-02  2.173184e+00  1.175628e-01  4.865508e-01  5.889829e-01
 111  9.538108e-02  2.218285e-03  9.426327e-03  2.173184e+00  1.175628e-01  4.926784e-01  8.448698e-01
 112  1.226806e-01  2.784264e-03  2.278468e-02  2.173184e+00  1.175628e-01  6.918062e-01  1.925993e-01
 113  1.941756e-01  4.603382e-03  2.637925e-02  2.173184e+00  1.175628e-01  6.913433e-01  3.976795e-01
 114  1.497825e-01  4.855582e-03  1.531644e-02  2.173184e+00  1.175628e-01  6.875495e-01  5.924619e-01
 115  5.006675e-02  1.864907e-03  5.111364e-03  2.173184e+00  1.175628e-01  6.879142e-01  8.501401e-01
 116  4.982297e-02  1.071205e-03  9.231297e-03  2.173184e+00  1.175628e-01  8.950657e-01  1.829634e-01
 117  4.926956e-02  1.600619e-03  6.761364e-03  2.173184e+00  1.175628e-01  8.790688e-01  3.873020e-01
 118  2.630882e-02  1.387201e-03  2.697311e-03  2.173184e+00  1.175628e-01  8.715481e-01  5.800918e-01
 119  5.877715e-03  4.707620e-04  6.005338e-04  2.173184e+00  1.175628e-01  8.624969e-01  8.556247e-01
 120  5.559194e+00  6.804733e-02  4.295871e-01  3.167230e+00  1.656179e-01  1.406386e-01  1.909583e-01
 121  5.290946e+00  8.773787e-02  5.271748e-01  3.167230e+00  1.656179e-01  1.429623e-01  3.895763e-01
 122  2.081447e+00  8.580368e-02  2.832711e-01  3.167230e+00  1.656179e-01  1.441460e-01  5.845376e-01
 123  1.841465e-01  4.042921e-02  2.550398e-02  3.167230e+00  1.656179e-01  1.538912e-01  8.076910e-01
 124  1.999718e+00  2.138057e-02  1.172864e-01  3.167230e+00  1.656179e-01  2.432338e-01  1.938859e-01
 125  2.537447e+00  3.758605e-02  5.275544e-02  3.167230e+00  1.656179e-01  2.443681e-01  3.933802e-01
 126  1.121676e+00  2.547439e-02  4.624689e-02  3.167230e+00  1.656179e-01  2.466552e-01  5.831649e-01
 127  1.720211e-01  9.122170e-03  7.648852e-03  3.167230e+00  1.656179e-01  2.491478e-01  8.338639e-01
 128  9.171687e-01  1.215543e-02  1.182676e-01  3.167230e+00  1.656179e-01  3.443269e-01  1.943140e-01
 129  1.309623e+00  2.325824e-02  1.080900e-01  3.167230e+00  1.656179e-01  3.447094e-01  3.957607e-01
 130  7.956294e-01  2.000131e-02  3.724906e-02  3.167230e+00  1.656179e-01  3.471220e-01  5.881240e-01
 131  1.274711e-01  5.199256e-03  6.051058e-03  3.167230e+00  1.656179e-01  3.485259e-01  8.462181e-01
 132  3.381111e-01  4.905388e-03  6.324516e-02  3.167230e+00  1.656179e-01  4.802676e-01  1.964639e-01
 133  5.266738e-01  8.739584e-03  7.298170e-02  3.167230e+00  1.656179e-01  4.818423e-01  3.974076e-01
 134  3.445591e-01  8.981185e-03  3.594965e-02  3.167230e+00  1.656179e-01  4.841857e-01  5.905108e-01
 135  8.618267e-02  2.695032e-03  9.062963e-03  3.167230e+00  1.656179e-01  4.889878e-01  8.421031e-01
 136  1.082946e-01  3.180875e-03  2.136983e-02  3.167230e+00  1.656179e-01  6.905189e-01  1.946002e-01
 137  1.733644e-01  5.019968e-03  2.549817e-02  3.167230e+00  1.656179e-01  6.872470e-01  3.971646e-01
 138  1.546529e-01  5.496212e-03  1.750763e-02  3.167230e+00  1.656179e-01  6.862688e-01  5.913415e-01
 139  4.505714e-02  2.136143e-03  5.044460e-03  3.167230e+00  1.656179e-01  6.837897e-01  8.583015e-01
 140  4.592283e-02  1.344468e-03  9.046662e-03  3.167230e+00  1.656179e-01  8.920788e-01  1.874695e-01
 141  4.534926e-02  1.892139e-03  6.721183e-03  3.167230e+00  1.656179e-01  8.816906e-01  3.976353e-01
 142  2.767540e-02  1.823037e-03  3.171252e-03  3.167230e+00  1.656179e-01  8.707251e-01  5.926418e-01
 143  5.466414e-03  5.900196e-04  6.300786e-04  3.167230e+00  1.656179e-01  8.561202e-01  8.468205e-01
 144  5.298620e+00  9.647340e-02  3.933833e-01  4.877871e+00  2.397462e-01  1.401313e-01  1.913481e-01
 145  5.554259e+00  1.364559e-01  7.259512e-01  4.877871e+00  2.397462e-01  1.428110e-01  3.884553e-01
 146  2.038638e+00  1.176016e-01  3.815524e-01  4.877871e+00  2.397462e-01  1.446056e-01  5.847924e-01
 147  1.329103e-01  5.502247e-02  2.533582e-02  4.878036e+00  2.397505e-01  1.494910e-01  7.838966e-01
 148  2.000140e+00  2.774872e-02  7.813613e-02  4.877871e+00  2.397462e-01  2.430970e-01  1.941337e-01
 149  2.468697e+00  5.152610e-02  9.429757e-02  4.877871e+00  2.397462e-01  2.442865e-01  3.923864e-01
 150  1.300108e+00  3.687594e-02  9.453513e-02  4.877871e+00  2.397462e-01  2.459365e-01  5.832633e-01
 151  2.059384e-01  1.312675e-02  1.508379e-02  4.877871e+00  2.397462e-01  2.469591e-01  8.292278e-01
 152  8.728017e-01  1.600107e-02  9.303938e-02  4.877871e+00  2.397462e-01  3.431001e-01  1.941964e-01
 153  1.333128e+00  2.978748e-02  7.352753e-02  4.877871e+00  2.397462e-01  3.430331e-01  3.957304e-01
 154  8.227280e-01  2.831723e-02  2.537947e-02  4.877871e+00  2.397462e-01  3.461664e-01  5.892945e-01
 155  1.672278e-01  7.816599e-03  4.935742e-03  4.877871e+00  2.397462e-01  3.473911e-01  8.406566e-01
 156  3.014367e-01  6.352988e-03  4.941669e-02  4.877871e+00  2.397462e-01  4.789006e-01  1.937574e-01
 157  4.927450e-01  1.117229e-02  5.701926e-02  4.877871e+00  2.397462e-01  4.797936e-01  3.977348e-01
 158  3.432960e-01  1.136876e-02  2.794946e-02  4.877871e+00  2.397462e-01  4.833903e-01  5.895587e-01
 159  9.169780e-02  3.924809e-03  7.522258e-03  4.877871e+00  2.397462e-01  4.859821e-01  8.465196e-01
 160  1.013632e-01  4.185240e-03  1.814771e-02  4.877871e+00  2.397462e-01  6.878738e-01  1.959519e-01
 161  1.634033e-01  6.851817e-03  2.259428e-02  4.877871e+00  2.397462e-01  6.846434e-01  4.006756e-01
 162  1.222099e-01  6.605240e-03  1.245523e-02  4.877871e+00  2.397462e-01  6.807819e-01  5.916971e-01
 163  4.077290e-02  2.518662e-03  4.156751e-03  4.877871e+00  2.397462e-01  6.814985e-01  8.547108e-01
 164  3.559280e-02  1.750971e-03  6.381282e-03  4.877871e+00  2.397462e-01  8.905672e-01  1.858283e-01
 165  4.188941e-02  2.801587e-03  5.793554e-03  4.877871e+00  2.397462e-01  8.825513e-01  3.930084e-01
 166  2.402539e-02  2.374696e-03  2.444884e-03  4.877871e+00  2.397462e-01  8.730531e-01  5.889695e-01
 167  8.392335e-03  9.224268e-04  8.726497e-04  4.877871e+00  2.397462e-01  8.479434e-01  8.263381e-01
 168  4.974097e+00  2.368355e-01  4.006430e-01  7.476752e+00  3.397011e-01  1.394863e-01  1.948454e-01
 169  5.318270e+00  3.436598e-01  6.922873e-01  7.476752e+00  3.397011e-01  1.425812e-01  3.870859e-01
 170  2.807020e+00  2.928063e-01  5.278845e-01  7.476752e+00  3.397011e-01  1.453738e-01  5.822656e-01
 171  3.850825e-01  1.435419e-01  7.349663e-02  7.476752e+00  3.397011e-01  1.548088e-01  7.865970e-01
 172  2.026258e+00  6.143625e-02  7.461926e-02  7.476752e+00  3.397011e-01  2.432045e-01  1.953462e-01
 173  2.800001e+00  1.165912e-01  1.317995e-01  7.476752e+00  3.397011e-01  2.445383e-01  3.905754e-01
 174  1.218528e+00  7.840177e-02  8.888336e-02  7.476752e+00  3.397011e-01  2.463113e-01  5.796916e-01
 175  2.347973e-01  2.945439e-02  1.804245e-02  7.476752e+00  3.397011e-01  2.470709e-01  8.323391e-01
 176  7.448348e-01  3.451136e-02  7.901750e-02  7.476752e+00  3.397011e-01  3.438293e-01  1.952926e-01
 177  1.398476e+00  6.660463e-02  7.877489e-02  7.476752e+00  3.397011e-01  3.446765e-01  3.946470e-01
 178  8.520412e-01  6.544201e-02  2.360606e-02  7.476752e+00  3.397011e-01  3.456663e-01  5.882385e-01
 179  1.543636e-01  1.735048e-02  4.077307e-03  7.476752e+00  3.397011e-01  3.496437e-01  8.361284e-01
 180  3.071954e-01  1.467769e-02  5.028544e-02  7.476752e+00  3.397011e-01  4.784276e-01  1.981351e-01
 181  4.922776e-01  2.532649e-02  5.751679e-02  7.476752e+00  3.397011e-01  4.802519e-01  3.989159e-01
 182  4.207329e-01  2.578903e-02  3.569513e-02  7.476752e+00  3.397011e-01  4.832586e-01  5.911382e-01
 183  9.460671e-02  9.114268e-03  8.120038e-03  7.476752e+00  3.397011e-01  4.801420e-01  8.402155e-01
 184  9.247258e-02  9.158515e-03  1.667887e-02  7.476752e+00  3.397011e-01  6.906696e-01  1.983034e-01
 185  1.494260e-01  1.503445e-02  2.062546e-02  7.476752e+00  3.397011e-01  6.874605e-01  4.002530e-01
 186  1.117564e-01  1.401573e-02  1.136183e-02  7.476752e+00  3.397011e-01  6.855274e-01  5.935585e-01
 187  3.694369e-02  5.163970e-03  3.751373e-03  7.476752e+00  3.397011e-01  6.774808e-01  8.474484e-01
 188  2.763024e-02  3.610497e-03  4.957763e-03  7.476752e+00  3.397011e-01  8.931576e-01  1.801291e-01
 189  2.713369e-02  5.701962e-03  3.801462e-03  7.476752e+00  3.397011e-01  8.770428e-01  3.997175e-01
 190  2.400713e-02  5.306822e-03  2.520143e-03  7.476752e+00  3.397011e-01  8.780420e-01  5.993555e-01
 191  5.688284e-03  1.702810e-03  6.003380e-04  7.476752e+00  3.397011e-01  8.554242e-01  8.464941e-01
 192  6.241861e+00  5.653827e-01  4.882921e-01  1.023497e+01  4.514519e-01  1.390565e-01  1.958536e-01
 193  8.245475e+00  8.431840e-01  1.089850e+00  1.023497e+01  4.514519e-01  1.413493e-01  3.898379e-01
 194  2.379857e+00  5.423239e-01  3.982285e-01  1.023720e+01  4.515289e-01  1.408560e-01  5.765443e-01
 195  7.023164e-02  2.145796e-01  3.441390e-03  1.026104e+01  4.522673e-01  1.393704e-01  7.420379e-01
 196  1.993265e+00  1.237813e-01  8.430977e-02  1.023497e+01  4.514519e-01  2.452254e-01  1.960825e-01
 197  2.868473e+00  2.309682e-01  1.111389e-01  1.023497e+01  4.514519e-01  2.439884e-01  3.881556e-01
 198  1.561513e+00  1.730698e-01  1.201008e-01  1.023497e+01  4.514519e-01  2.461708e-01  5.806840e-01
 199  2.058496e-01  4.827903e-02  1.671766e-02  1.023497e+01  4.514519e-01  2.400791e-01  8.191154e-01
 200  9.380654e-01  7.823556e-02  1.016406e-01  1.023497e+01  4.514519e-01  3.424167e-01  1.976141e-01
 201  1.311734e+00  1.362504e-01  7.925206e-02  1.023497e+01  4.514519e-01  3.438835e-01  3.947495e-01
 202  1.005394e+00  1.437227e-01  3.731301e-02  1.023497e+01  4.514519e-01  3.458177e-01  5.821430e-01
 203  1.668347e-01  3.566020e-02  5.913473e-03  1.023497e+01  4.514519e-01  3.491148e-01  8.292801e-01
 204  2.543648e-01  2.980501e-02  4.167885e-02  1.023497e+01  4.514519e-01  4.796717e-01  2.031043e-01
 205  5.229214e-01  5.723488e-02  6.154995e-02  1.023497e+01  4.514519e-01  4.771876e-01  4.025448e-01
 206  4.264803e-01  5.797446e-02  3.674902e-02  1.023497e+01  4.514519e-01  4.777463e-01  5.851031e-01
 207  9.311857e-02  2.008429e-02  8.085652e-03  1.023497e+01  4.514519e-01  4.832945e-01  8.524090e-01
 208  1.040877e-01  1.870225e-02  1.876220e-02  1.023497e+01  4.514519e-01  6.810914e-01  1.922541e-01
 209  7.814599e-02  2.853860e-02  1.097776e-02  1.023497e+01  4.514519e-01  6.793850e-01  4.002698e-01
 210  1.243697e-01  3.213329e-02  1.301195e-02  1.023497e+01  4.514519e-01  6.787965e-01  5.994820e-01
 211  4.072184e-02  1.198089e-02  3.839009e-03  1.023497e+01  4.514519e-01  6.746537e-01  8.237819e-01
 212  1.629188e-02  7.309414e-03  2.805587e-03  1.023720e+01  4.515289e-01  8.666585e-01  2.069532e-01
 213  3.563866e-02  1.267182e-02  4.955977e-03  1.023497e+01  4.514519e-01  8.830989e-01  3.902661e-01
 214  4.331835e-02  1.407824e-02  4.447076e-03  1.023497e+01  4.514519e-01  8.732618e-01  5.740232e-01
 215  1.293495e-02  5.735166e-03  1.205876e-03  1.023720e+01  4.515289e-01  8.457655e-01  8.145960e-01
