#************************************************************************
# 
#    These are published data of the HERMES Collaboration.
#    You are free to use these data in any publication. 
#    However, you must make a reference to the following publication:
# 
#    A. Airapetian et al, Phys. Rev. D 87 (2013) 074029 
# 
#************************************************************************
# 
# pi+ multiplicities from HERMES
# Configuration: zx-3D (x: 9, z: 6, Php: 4)
# Target: D
# Optional settings: VM subtracted
#
#  i          mult    stat (+/-)    syst (+/-)            Q2             x             z           Php
   0  6.540782e+00  4.522121e-02  4.068856e-01  1.193097e+00  3.348903e-02  1.572652e-01  2.147222e-01
   1  7.346146e+00  5.454731e-02  5.129713e-01  1.193097e+00  3.348903e-02  1.605523e-01  4.375633e-01
   2  3.275235e+00  5.823911e-02  2.466423e-01  1.193097e+00  3.348903e-02  1.650265e-01  6.666641e-01
   3  4.541872e-01  4.072823e-02  3.507240e-02  1.193097e+00  3.348903e-02  1.721781e-01  9.757247e-01
   4  2.552408e+00  3.034399e-02  7.578708e-02  1.193097e+00  3.348903e-02  2.564990e-01  2.058041e-01
   5  3.615474e+00  3.264809e-02  1.593912e-01  1.193097e+00  3.348903e-02  2.605438e-01  4.208362e-01
   6  1.950068e+00  2.370103e-02  9.917860e-02  1.193097e+00  3.348903e-02  2.678824e-01  6.395425e-01
   7  3.837283e-01  8.604798e-03  1.871923e-02  1.193097e+00  3.348903e-02  2.731720e-01  9.339466e-01
   8  1.037439e+00  2.127724e-02  2.354009e-02  1.193097e+00  3.348903e-02  3.539468e-01  2.019561e-01
   9  1.777278e+00  2.573718e-02  4.440968e-02  1.193097e+00  3.348903e-02  3.589015e-01  4.144938e-01
  10  1.194197e+00  1.800972e-02  3.245915e-02  1.193097e+00  3.348903e-02  3.645424e-01  6.204235e-01
  11  2.875377e-01  5.776960e-03  8.748998e-03  1.193097e+00  3.348903e-02  3.692525e-01  9.042090e-01
  12  3.857130e-01  1.003967e-02  1.585859e-02  1.193097e+00  3.348903e-02  4.911560e-01  2.034970e-01
  13  6.886191e-01  1.108421e-02  1.753374e-02  1.193097e+00  3.348903e-02  4.945193e-01  4.094927e-01
  14  5.272097e-01  8.897725e-03  1.351441e-02  1.193097e+00  3.348903e-02  4.983734e-01  6.061268e-01
  15  1.845311e-01  2.972835e-03  3.836423e-03  1.193097e+00  3.348903e-02  5.027031e-01  8.894891e-01
  16  1.077412e-01  4.868245e-03  4.655011e-03  1.193097e+00  3.348903e-02  6.902812e-01  2.036759e-01
  17  2.113188e-01  6.151669e-03  8.491800e-03  1.193097e+00  3.348903e-02  6.913604e-01  4.005254e-01
  18  1.716525e-01  5.420995e-03  5.290831e-03  1.193097e+00  3.348903e-02  6.931520e-01  5.972416e-01
  19  7.815734e-02  2.236315e-03  1.847764e-03  1.193097e+00  3.348903e-02  6.847490e-01  8.815109e-01
  20  2.305168e-02  1.789566e-03  9.658312e-04  1.193097e+00  3.348903e-02  8.693976e-01  1.902159e-01
  21  2.454592e-02  2.066009e-03  8.016004e-04  1.193097e+00  3.348903e-02  8.621526e-01  3.977671e-01
  22  1.506365e-02  1.929196e-03  3.848589e-04  1.193097e+00  3.348903e-02  8.615545e-01  5.989407e-01
  23  7.400390e-03  1.144601e-03  1.908070e-04  1.193097e+00  3.348903e-02  8.609643e-01  8.956457e-01
  24  6.172241e+00  4.344609e-02  3.543718e-01  1.382232e+00  4.767331e-02  1.484741e-01  2.026929e-01
  25  6.994841e+00  5.626793e-02  4.911618e-01  1.382232e+00  4.767331e-02  1.528709e-01  4.152998e-01
  26  2.716253e+00  6.113117e-02  2.025232e-01  1.382232e+00  4.767331e-02  1.595455e-01  6.443760e-01
  27  2.782188e-01  3.958782e-02  2.135280e-02  1.382232e+00  4.767331e-02  1.676209e-01  9.273622e-01
  28  2.505162e+00  2.300785e-02  8.355674e-02  1.382232e+00  4.767331e-02  2.472900e-01  1.990459e-01
  29  3.467997e+00  2.981036e-02  1.369853e-01  1.382232e+00  4.767331e-02  2.513168e-01  4.055801e-01
  30  1.755553e+00  2.205762e-02  8.100182e-02  1.382232e+00  4.767331e-02  2.571426e-01  6.115701e-01
  31  3.008633e-01  8.437284e-03  1.383384e-02  1.382232e+00  4.767331e-02  2.688675e-01  9.119886e-01
  32  1.122263e+00  1.521883e-02  2.656038e-02  1.382232e+00  4.767331e-02  3.462938e-01  1.967683e-01
  33  1.822089e+00  2.223851e-02  4.168586e-02  1.382232e+00  4.767331e-02  3.499684e-01  4.027730e-01
  34  1.110919e+00  1.691553e-02  3.069589e-02  1.382232e+00  4.767331e-02  3.552199e-01  6.036532e-01
  35  2.486692e-01  5.252378e-03  8.783543e-03  1.382232e+00  4.767331e-02  3.604581e-01  8.768968e-01
  36  4.115406e-01  6.173465e-03  1.765495e-02  1.382232e+00  4.767331e-02  4.834462e-01  1.989039e-01
  37  7.061983e-01  9.147766e-03  2.391064e-02  1.382232e+00  4.767331e-02  4.883608e-01  4.038844e-01
  38  5.432487e-01  8.267454e-03  1.766266e-02  1.382232e+00  4.767331e-02  4.929107e-01  5.974169e-01
  39  1.644877e-01  2.705937e-03  2.943908e-03  1.382232e+00  4.767331e-02  4.985611e-01  8.672842e-01
  40  1.275960e-01  3.061624e-03  5.257461e-03  1.382232e+00  4.767331e-02  6.930566e-01  1.981776e-01
  41  2.455210e-01  5.014284e-03  9.674256e-03  1.382232e+00  4.767331e-02  6.877311e-01  3.997482e-01
  42  1.815912e-01  4.551616e-03  5.767504e-03  1.382232e+00  4.767331e-02  6.861864e-01  5.954589e-01
  43  7.722312e-02  1.915122e-03  3.189238e-03  1.382232e+00  4.767331e-02  6.863899e-01  8.667103e-01
  44  3.409764e-02  8.948083e-04  1.569715e-03  1.382232e+00  4.767331e-02  8.839952e-01  1.867303e-01
  45  4.409649e-02  1.552494e-03  2.027027e-03  1.382232e+00  4.767331e-02  8.748596e-01  3.893740e-01
  46  2.743467e-02  1.470088e-03  1.078210e-03  1.382232e+00  4.767331e-02  8.659150e-01  5.898846e-01
  47  1.245136e-02  6.824488e-04  5.085993e-04  1.382232e+00  4.767331e-02  8.656141e-01  8.721784e-01
  48  6.237919e+00  4.559965e-02  3.442682e-01  1.555334e+00  6.495400e-02  1.457941e-01  1.989902e-01
  49  6.354586e+00  5.644124e-02  4.194495e-01  1.555334e+00  6.495400e-02  1.503070e-01  4.061550e-01
  50  2.440396e+00  5.935705e-02  1.802633e-01  1.555334e+00  6.495400e-02  1.549199e-01  6.254001e-01
  51  3.898210e-01  3.870952e-02  2.941223e-02  1.555334e+00  6.495400e-02  1.558756e-01  8.515366e-01
  52  2.527329e+00  2.055619e-02  6.511915e-02  1.555334e+00  6.495400e-02  2.454845e-01  1.960010e-01
  53  3.293306e+00  2.912889e-02  1.192989e-01  1.555334e+00  6.495400e-02  2.490135e-01  3.997041e-01
  54  1.574624e+00  2.097308e-02  6.929073e-02  1.555334e+00  6.495400e-02  2.536944e-01  5.996034e-01
  55  2.520329e-01  7.624042e-03  1.277271e-02  1.555334e+00  6.495400e-02  2.593557e-01  8.774068e-01
  56  1.135159e+00  1.302671e-02  2.997898e-02  1.555334e+00  6.495400e-02  3.446881e-01  1.963905e-01
  57  1.783520e+00  2.187818e-02  4.793844e-02  1.555334e+00  6.495400e-02  3.483435e-01  3.997577e-01
  58  1.019606e+00  1.577563e-02  3.771228e-02  1.555334e+00  6.495400e-02  3.523547e-01  5.937058e-01
  59  2.040616e-01  4.680677e-03  7.138609e-03  1.555334e+00  6.495400e-02  3.568653e-01  8.591373e-01
  60  4.107897e-01  4.946531e-03  1.889477e-02  1.555334e+00  6.495400e-02  4.826955e-01  1.967951e-01
  61  7.459230e-01  8.996201e-03  2.354214e-02  1.555334e+00  6.495400e-02  4.865944e-01  4.019088e-01
  62  5.756115e-01  8.515411e-03  1.088192e-02  1.555334e+00  6.495400e-02  4.909009e-01  5.940747e-01
  63  1.476131e-01  2.545927e-03  3.254379e-03  1.555334e+00  6.495400e-02  4.955871e-01  8.540362e-01
  64  1.337124e-01  2.668264e-03  6.032423e-03  1.555334e+00  6.495400e-02  6.927119e-01  1.951081e-01
  65  2.531025e-01  4.729163e-03  1.108567e-02  1.555334e+00  6.495400e-02  6.904518e-01  3.995580e-01
  66  2.239034e-01  5.209432e-03  7.731887e-03  1.555334e+00  6.495400e-02  6.887143e-01  5.904437e-01
  67  8.739318e-02  2.130775e-03  2.944911e-03  1.555334e+00  6.495400e-02  6.889458e-01  8.599384e-01
  68  4.884513e-02  9.839570e-04  2.346705e-03  1.555334e+00  6.495400e-02  8.874787e-01  1.838327e-01
  69  5.025529e-02  1.463921e-03  2.098128e-03  1.555334e+00  6.495400e-02  8.786709e-01  3.915462e-01
  70  3.589457e-02  1.548237e-03  1.357821e-03  1.555334e+00  6.495400e-02  8.659460e-01  5.876891e-01
  71  1.775208e-02  7.461705e-04  6.658231e-04  1.555334e+00  6.495400e-02  8.595528e-01  8.465070e-01
  72  5.799342e+00  5.027385e-02  2.995990e-01  1.727795e+00  8.728510e-02  1.435503e-01  1.948504e-01
  73  5.779860e+00  6.192645e-02  3.817621e-01  1.727795e+00  8.728510e-02  1.475012e-01  3.969373e-01
  74  2.256925e+00  6.348394e-02  1.710337e-01  1.727795e+00  8.728510e-02  1.504143e-01  6.084698e-01
  75  2.811787e-01  3.435277e-02  2.133973e-02  1.727795e+00  8.728510e-02  1.621466e-01  8.632211e-01
  76  2.382639e+00  2.103806e-02  8.389660e-02  1.727795e+00  8.728510e-02  2.441576e-01  1.955302e-01
  77  3.154801e+00  3.160108e-02  1.064229e-01  1.727795e+00  8.728510e-02  2.466039e-01  3.933047e-01
  78  1.332430e+00  2.108464e-02  5.645837e-02  1.727795e+00  8.728510e-02  2.519182e-01  5.936856e-01
  79  2.068350e-01  7.532721e-03  8.515921e-03  1.727795e+00  8.728510e-02  2.529972e-01  8.572145e-01
  80  1.158781e+00  1.288100e-02  3.220707e-02  1.727795e+00  8.728510e-02  3.452782e-01  1.958803e-01
  81  1.771243e+00  2.343795e-02  4.706689e-02  1.727795e+00  8.728510e-02  3.465270e-01  3.974408e-01
  82  9.879769e-01  1.687500e-02  2.482748e-02  1.727795e+00  8.728510e-02  3.484190e-01  5.872818e-01
  83  1.715329e-01  4.635405e-03  6.239290e-03  1.727795e+00  8.728510e-02  3.528362e-01  8.433285e-01
  84  4.469303e-01  5.128588e-03  1.959947e-02  1.727795e+00  8.728510e-02  4.817526e-01  1.951411e-01
  85  7.650674e-01  9.657370e-03  2.966735e-02  1.727795e+00  8.728510e-02  4.872255e-01  3.998798e-01
  86  5.457218e-01  9.375052e-03  1.642070e-02  1.727795e+00  8.728510e-02  4.903203e-01  5.922061e-01
  87  1.305052e-01  2.645034e-03  3.455113e-03  1.727795e+00  8.728510e-02  4.984663e-01  8.491312e-01
  88  1.696948e-01  3.406327e-03  8.338348e-03  1.727795e+00  8.728510e-02  6.941778e-01  1.967589e-01
  89  3.043616e-01  6.014092e-03  1.364170e-02  1.727795e+00  8.728510e-02  6.903276e-01  4.002063e-01
  90  2.478177e-01  6.420729e-03  7.503891e-03  1.727795e+00  8.728510e-02  6.906841e-01  5.934793e-01
  91  8.704103e-02  2.473563e-03  2.554649e-03  1.727795e+00  8.728510e-02  6.899430e-01  8.548027e-01
  92  6.356782e-02  1.232511e-03  3.237422e-03  1.727795e+00  8.728510e-02  8.942386e-01  1.898960e-01
  93  6.835103e-02  1.927893e-03  2.998188e-03  1.727795e+00  8.728510e-02  8.765390e-01  3.930247e-01
  94  5.100115e-02  2.046156e-03  1.862858e-03  1.727795e+00  8.728510e-02  8.659474e-01  5.912401e-01
  95  1.830349e-02  8.486039e-04  6.793668e-04  1.727795e+00  8.728510e-02  8.592288e-01  8.615497e-01
  96  5.768108e+00  5.268470e-02  2.877630e-01  2.173184e+00  1.175628e-01  1.427659e-01  1.935939e-01
  97  5.652872e+00  6.632117e-02  3.893424e-01  2.173184e+00  1.175628e-01  1.453448e-01  3.908772e-01
  98  1.998298e+00  6.369491e-02  1.539597e-01  2.173184e+00  1.175628e-01  1.472894e-01  5.913468e-01
  99  1.476474e-01  2.766404e-02  1.153613e-02  2.173184e+00  1.175628e-01  1.623827e-01  8.361487e-01
 100  2.409101e+00  2.048407e-02  5.534395e-02  2.173184e+00  1.175628e-01  2.438630e-01  1.941687e-01
 101  2.987268e+00  3.241020e-02  8.956159e-02  2.173184e+00  1.175628e-01  2.461301e-01  3.909284e-01
 102  1.270598e+00  2.091509e-02  5.051995e-02  2.173184e+00  1.175628e-01  2.483372e-01  5.853181e-01
 103  1.925474e-01  7.488909e-03  8.235992e-03  2.173184e+00  1.175628e-01  2.502585e-01  8.379334e-01
 104  1.171222e+00  1.234023e-02  4.102638e-02  2.173184e+00  1.175628e-01  3.447320e-01  1.955938e-01
 105  1.695747e+00  2.310220e-02  3.851344e-02  2.173184e+00  1.175628e-01  3.454690e-01  3.951312e-01
 106  9.183201e-01  1.722793e-02  1.997452e-02  2.173184e+00  1.175628e-01  3.478881e-01  5.860045e-01
 107  1.492948e-01  4.375119e-03  3.784933e-03  2.173184e+00  1.175628e-01  3.497222e-01  8.335475e-01
 108  4.531187e-01  5.059414e-03  2.095482e-02  2.173184e+00  1.175628e-01  4.837528e-01  1.953207e-01
 109  7.118089e-01  9.302956e-03  2.684148e-02  2.173184e+00  1.175628e-01  4.838706e-01  3.987417e-01
 110  5.809834e-01  1.003191e-02  1.973044e-02  2.173184e+00  1.175628e-01  4.909959e-01  5.885819e-01
 111  1.140842e-01  2.551805e-03  4.502008e-03  2.173184e+00  1.175628e-01  4.987475e-01  8.376272e-01
 112  1.556547e-01  3.431817e-03  9.380147e-03  2.173184e+00  1.175628e-01  6.931471e-01  1.959277e-01
 113  2.812713e-01  5.858338e-03  1.535052e-02  2.173184e+00  1.175628e-01  6.900563e-01  3.992080e-01
 114  2.347378e-01  6.416054e-03  7.551330e-03  2.173184e+00  1.175628e-01  6.904651e-01  5.934999e-01
 115  8.578210e-02  2.517643e-03  2.796992e-03  2.173184e+00  1.175628e-01  6.877642e-01  8.572301e-01
 116  7.241642e-02  1.428353e-03  3.874594e-03  2.173184e+00  1.175628e-01  8.919784e-01  1.883631e-01
 117  8.040597e-02  2.165682e-03  3.536050e-03  2.173184e+00  1.175628e-01  8.824188e-01  3.907182e-01
 118  5.511414e-02  2.115819e-03  1.901557e-03  2.173184e+00  1.175628e-01  8.679651e-01  5.888847e-01
 119  1.596387e-02  8.331566e-04  5.642257e-04  2.173184e+00  1.175628e-01  8.577595e-01  8.557982e-01
 120  5.628523e+00  6.548768e-02  2.762027e-01  3.167230e+00  1.656179e-01  1.418501e-01  1.919752e-01
 121  5.588692e+00  8.795308e-02  3.809609e-01  3.167230e+00  1.656179e-01  1.439508e-01  3.882432e-01
 122  1.919142e+00  7.724013e-02  1.449565e-01  3.167230e+00  1.656179e-01  1.440206e-01  5.825659e-01
 123  1.678742e-01  4.051604e-02  9.836553e-03  3.168386e+00  1.656213e-01  1.539108e-01  7.967630e-01
 124  2.386482e+00  2.345339e-02  5.420793e-02  3.167230e+00  1.656179e-01  2.435008e-01  1.940584e-01
 125  2.980200e+00  4.075470e-02  8.835868e-02  3.167230e+00  1.656179e-01  2.452959e-01  3.913796e-01
 126  1.242278e+00  2.655771e-02  4.654621e-02  3.167230e+00  1.656179e-01  2.466235e-01  5.816999e-01
 127  1.867084e-01  9.178731e-03  7.819067e-03  3.167230e+00  1.656179e-01  2.487944e-01  8.267422e-01
 128  1.176120e+00  1.405992e-02  4.363635e-02  3.167230e+00  1.656179e-01  3.444682e-01  1.946094e-01
 129  1.698484e+00  2.741394e-02  4.123461e-02  3.167230e+00  1.656179e-01  3.451496e-01  3.957446e-01
 130  9.044889e-01  2.146431e-02  2.936891e-02  3.167230e+00  1.656179e-01  3.464423e-01  5.832232e-01
 131  1.437317e-01  5.413607e-03  4.031431e-03  3.167230e+00  1.656179e-01  3.480613e-01  8.286028e-01
 132  4.594372e-01  5.940002e-03  2.105524e-02  3.167230e+00  1.656179e-01  4.819228e-01  1.925364e-01
 133  7.201816e-01  1.059858e-02  3.047729e-02  3.167230e+00  1.656179e-01  4.832112e-01  3.971562e-01
 134  5.095122e-01  1.110559e-02  1.834735e-02  3.167230e+00  1.656179e-01  4.883310e-01  5.886767e-01
 135  1.290364e-01  3.354812e-03  5.184806e-03  3.167230e+00  1.656179e-01  4.946789e-01  8.386483e-01
 136  1.575755e-01  4.019860e-03  9.230773e-03  3.167230e+00  1.656179e-01  6.896724e-01  1.914757e-01
 137  2.451114e-01  6.714329e-03  1.125976e-02  3.167230e+00  1.656179e-01  6.875235e-01  3.978689e-01
 138  2.252237e-01  7.039085e-03  9.544864e-03  3.167230e+00  1.656179e-01  6.866762e-01  5.920629e-01
 139  8.261605e-02  2.836070e-03  2.915508e-03  3.167230e+00  1.656179e-01  6.895994e-01  8.626502e-01
 140  6.506395e-02  1.731218e-03  3.590463e-03  3.167230e+00  1.656179e-01  8.946441e-01  1.864834e-01
 141  8.552688e-02  2.713142e-03  4.108004e-03  3.167230e+00  1.656179e-01  8.816152e-01  3.981183e-01
 142  4.929881e-02  2.379575e-03  1.914147e-03  3.167230e+00  1.656179e-01  8.724485e-01  5.937419e-01
 143  1.373955e-02  8.453197e-04  5.333003e-04  3.167230e+00  1.656179e-01  8.691146e-01  8.500081e-01
 144  5.861297e+00  9.727004e-02  3.031867e-01  4.877871e+00  2.397462e-01  1.412273e-01  1.944863e-01
 145  5.729914e+00  1.361473e-01  4.239418e-01  4.877871e+00  2.397462e-01  1.442139e-01  3.876505e-01
 146  2.102115e+00  1.153513e-01  1.681431e-01  4.877871e+00  2.397462e-01  1.446393e-01  5.820320e-01
 147  1.488545e-01  5.171293e-02  1.300768e-02  4.877871e+00  2.397462e-01  1.510356e-01  7.824537e-01
 148  2.437304e+00  3.038988e-02  5.954464e-02  4.877871e+00  2.397462e-01  2.438813e-01  1.954948e-01
 149  3.142190e+00  5.798484e-02  9.777990e-02  4.877871e+00  2.397462e-01  2.458817e-01  3.910183e-01
 150  1.235371e+00  3.793009e-02  5.103695e-02  4.877871e+00  2.397462e-01  2.467559e-01  5.792916e-01
 151  2.053922e-01  1.309540e-02  8.626476e-03  4.877871e+00  2.397462e-01  2.482133e-01  8.224799e-01
 152  1.197192e+00  1.903528e-02  2.888908e-02  4.877871e+00  2.397462e-01  3.439663e-01  1.930894e-01
 153  1.738113e+00  3.482655e-02  3.384306e-02  4.877871e+00  2.397462e-01  3.458573e-01  3.943691e-01
 154  9.047856e-01  3.043614e-02  2.481611e-02  4.877871e+00  2.397462e-01  3.471242e-01  5.859752e-01
 155  1.464673e-01  7.885061e-03  4.320947e-03  4.877871e+00  2.397462e-01  3.488938e-01  8.268250e-01
 156  4.435769e-01  7.880494e-03  1.900569e-02  4.877871e+00  2.397462e-01  4.806441e-01  1.950102e-01
 157  6.930977e-01  1.379097e-02  2.874872e-02  4.877871e+00  2.397462e-01  4.819017e-01  3.996025e-01
 158  5.073899e-01  1.370662e-02  2.049315e-02  4.877871e+00  2.397462e-01  4.851991e-01  5.877172e-01
 159  1.150706e-01  4.567263e-03  4.738270e-03  4.877871e+00  2.397462e-01  4.926500e-01  8.346424e-01
 160  1.580371e-01  5.492835e-03  7.813062e-03  4.877871e+00  2.397462e-01  6.863134e-01  1.956708e-01
 161  2.557298e-01  9.060147e-03  1.071763e-02  4.877871e+00  2.397462e-01  6.845529e-01  3.972843e-01
 162  2.059303e-01  9.001165e-03  7.309815e-03  4.877871e+00  2.397462e-01  6.869727e-01  5.915559e-01
 163  7.082691e-02  3.405270e-03  2.438061e-03  4.877871e+00  2.397462e-01  6.897346e-01  8.551760e-01
 164  5.601657e-02  2.321369e-03  2.925351e-03  4.877871e+00  2.397462e-01  8.898542e-01  1.907441e-01
 165  7.849989e-02  3.686473e-03  3.362997e-03  4.877871e+00  2.397462e-01  8.807347e-01  3.912643e-01
 166  5.104333e-02  3.406579e-03  1.854168e-03  4.877871e+00  2.397462e-01  8.732470e-01  5.854391e-01
 167  1.732931e-02  1.274010e-03  5.839574e-04  4.877871e+00  2.397462e-01  8.576897e-01  8.510306e-01
 168  6.199999e+00  2.465265e-01  3.431434e-01  7.476752e+00  3.397011e-01  1.423233e-01  1.931729e-01
 169  5.891121e+00  3.491121e-01  4.146465e-01  7.476752e+00  3.397011e-01  1.429515e-01  3.862927e-01
 170  2.382572e+00  2.721897e-01  1.932213e-01  7.476752e+00  3.397011e-01  1.444619e-01  5.748746e-01
 171  2.903246e-01  1.244408e-01  2.444392e-02  7.476752e+00  3.397011e-01  1.533560e-01  7.870005e-01
 172  2.414061e+00  6.767401e-02  7.727381e-02  7.476752e+00  3.397011e-01  2.445807e-01  1.975892e-01
 173  3.545264e+00  1.302919e-01  1.184874e-01  7.476752e+00  3.397011e-01  2.448493e-01  3.910704e-01
 174  1.374382e+00  8.625492e-02  5.983329e-02  7.476752e+00  3.397011e-01  2.477500e-01  5.867685e-01
 175  1.501560e-01  2.639003e-02  8.180426e-03  7.476752e+00  3.397011e-01  2.473116e-01  8.263679e-01
 176  1.235255e+00  4.419781e-02  3.429818e-02  7.476752e+00  3.397011e-01  3.446363e-01  1.969198e-01
 177  1.731611e+00  7.468397e-02  3.754083e-02  7.476752e+00  3.397011e-01  3.450192e-01  3.944035e-01
 178  9.966175e-01  7.290826e-02  2.777332e-02  7.476752e+00  3.397011e-01  3.451726e-01  5.824502e-01
 179  1.748094e-01  1.963501e-02  6.219961e-03  7.476752e+00  3.397011e-01  3.454114e-01  8.292778e-01
 180  4.645995e-01  1.863943e-02  1.844079e-02  7.476752e+00  3.397011e-01  4.798874e-01  1.964883e-01
 181  7.409102e-01  3.161417e-02  2.908886e-02  7.476752e+00  3.397011e-01  4.824445e-01  4.001324e-01
 182  4.855983e-01  2.898509e-02  1.341682e-02  7.476752e+00  3.397011e-01  4.875156e-01  5.888416e-01
 183  1.176848e-01  9.870588e-03  2.808837e-03  7.476752e+00  3.397011e-01  4.853000e-01  8.425963e-01
 184  1.310133e-01  1.207616e-02  6.590964e-03  7.476752e+00  3.397011e-01  6.873661e-01  1.966363e-01
 185  2.463436e-01  2.044255e-02  1.106161e-02  7.476752e+00  3.397011e-01  6.851098e-01  4.009518e-01
 186  1.989986e-01  1.896839e-02  7.797810e-03  7.476752e+00  3.397011e-01  6.863272e-01  5.923447e-01
 187  5.827206e-02  6.610512e-03  1.990832e-03  7.476752e+00  3.397011e-01  6.885056e-01  8.533029e-01
 188  5.020561e-02  5.200528e-03  2.603716e-03  7.476752e+00  3.397011e-01  8.849192e-01  1.839570e-01
 189  8.443255e-02  8.317659e-03  3.165529e-03  7.476752e+00  3.397011e-01  8.832019e-01  3.942319e-01
 190  4.133883e-02  6.926957e-03  1.226650e-03  7.476752e+00  3.397011e-01  8.673961e-01  5.920536e-01
 191  2.045865e-02  2.468723e-03  6.456011e-04  7.476752e+00  3.397011e-01  8.645669e-01  8.343055e-01
 192  6.387609e+00  5.387014e-01  3.532468e-01  1.023497e+01  4.514519e-01  1.418816e-01  1.908630e-01
 193  6.748708e+00  7.760795e-01  4.974770e-01  1.023497e+01  4.514519e-01  1.456718e-01  3.881578e-01
 194  1.671622e+00  4.669137e-01  1.322226e-01  1.023497e+01  4.514519e-01  1.436666e-01  5.942108e-01
 195  4.024532e-01  3.201573e-01  3.998940e-02  1.021832e+01  4.509441e-01  1.439319e-01  7.454709e-01
 196  2.606190e+00  1.439033e-01  8.932333e-02  1.023497e+01  4.514519e-01  2.440841e-01  1.986145e-01
 197  3.561883e+00  2.616878e-01  1.599337e-01  1.023497e+01  4.514519e-01  2.447842e-01  3.934453e-01
 198  1.155430e+00  1.627592e-01  5.085577e-02  1.023497e+01  4.514519e-01  2.479802e-01  5.774267e-01
 199  1.059013e-01  4.612808e-02  4.131662e-03  1.023720e+01  4.515289e-01  2.522571e-01  8.018922e-01
 200  1.201422e+00  9.146935e-02  3.127333e-02  1.023497e+01  4.514519e-01  3.437366e-01  1.976128e-01
 201  1.874404e+00  1.637605e-01  4.224843e-02  1.023497e+01  4.514519e-01  3.421158e-01  3.931206e-01
 202  9.282675e-01  1.507400e-01  2.444843e-02  1.023497e+01  4.514519e-01  3.526606e-01  5.840090e-01
 203  2.140185e-01  3.907599e-02  5.388645e-03  1.023497e+01  4.514519e-01  3.466647e-01  8.017531e-01
 204  4.449219e-01  3.953777e-02  1.876552e-02  1.023497e+01  4.514519e-01  4.778902e-01  2.034471e-01
 205  6.746381e-01  6.805430e-02  2.216920e-02  1.023497e+01  4.514519e-01  4.798927e-01  3.991276e-01
 206  5.909784e-01  6.757692e-02  1.828255e-02  1.023497e+01  4.514519e-01  4.876833e-01  5.898853e-01
 207  9.079079e-02  1.986271e-02  2.810825e-03  1.023497e+01  4.514519e-01  4.830837e-01  8.090451e-01
 208  1.718670e-01  2.601272e-02  8.826594e-03  1.023497e+01  4.514519e-01  6.915624e-01  1.985032e-01
 209  2.995332e-01  4.481788e-02  1.220026e-02  1.023497e+01  4.514519e-01  6.831071e-01  3.977203e-01
 210  1.599157e-01  3.886126e-02  5.206650e-03  1.023497e+01  4.514519e-01  6.804632e-01  5.938709e-01
 211  7.070162e-02  1.453361e-02  2.294771e-03  1.023497e+01  4.514519e-01  6.886600e-01  8.311359e-01
 212  4.880730e-02  1.112810e-02  2.320960e-03  1.023497e+01  4.514519e-01  8.705857e-01  1.812268e-01
 213  6.061660e-02  1.745008e-02  2.195877e-03  1.023497e+01  4.514519e-01  8.700420e-01  4.146047e-01
 214  4.165953e-02  1.534458e-02  1.196623e-03  1.023497e+01  4.514519e-01  8.747061e-01  6.010682e-01
 215  1.830302e-02  6.794334e-03  5.224394e-04  1.023497e+01  4.514519e-01  8.465152e-01  8.642983e-01
