#************************************************************************
# 
#    These are published data of the HERMES Collaboration.
#    You are free to use these data in any publication. 
#    However, you must make a reference to the following publication:
# 
#    A. Airapetian et al, Phys. Rev. D 87 (2013) 074029 
# 
#************************************************************************
# 
# K+ multiplicities from HERMES
# Configuration: zx-3D (x: 9, z: 6, Php: 4)
# Target: D
# Optional settings: VM subtracted
#
#  i          mult    stat (+/-)    syst (+/-)            Q2             x             z           Php
   0  6.924529e-01  1.940343e-02  6.570803e-02  1.193097e+00  3.348903e-02  1.522566e-01  2.045548e-01
   1  8.205433e-01  2.389486e-02  1.281701e-01  1.193097e+00  3.348903e-02  1.560832e-01  4.338008e-01
   2  4.345251e-01  2.651688e-02  1.466673e-01  1.193097e+00  3.348903e-02  1.645461e-01  6.683811e-01
   3  1.145989e-01  2.106455e-02  3.862423e-02  1.193097e+00  3.348903e-02  1.725417e-01  9.415387e-01
   4  4.152547e-01  1.449038e-02  5.829414e-02  1.193097e+00  3.348903e-02  2.523839e-01  1.946867e-01
   5  4.667892e-01  1.377222e-02  1.313839e-01  1.193097e+00  3.348903e-02  2.593514e-01  4.110501e-01
   6  2.890786e-01  1.053888e-02  7.817452e-02  1.193097e+00  3.348903e-02  2.639816e-01  6.260800e-01
   7  7.294922e-02  4.031943e-03  1.969672e-02  1.193097e+00  3.348903e-02  2.664099e-01  9.197378e-01
   8  2.087060e-01  1.099434e-02  5.678907e-02  1.193097e+00  3.348903e-02  3.537833e-01  1.961146e-01
   9  3.584179e-01  1.323993e-02  2.044525e-02  1.193097e+00  3.348903e-02  3.556858e-01  4.098383e-01
  10  2.345291e-01  9.673158e-03  4.895119e-02  1.193097e+00  3.348903e-02  3.615120e-01  6.122077e-01
  11  6.491599e-02  3.326009e-03  1.355674e-02  1.193097e+00  3.348903e-02  3.646016e-01  9.226151e-01
  12  9.184293e-02  6.157063e-03  9.815969e-03  1.193097e+00  3.348903e-02  4.852178e-01  1.922167e-01
  13  1.545353e-01  7.217491e-03  5.364855e-03  1.193097e+00  3.348903e-02  4.924313e-01  4.077879e-01
  14  1.492236e-01  6.131227e-03  1.458282e-02  1.193097e+00  3.348903e-02  5.021100e-01  6.107836e-01
  15  5.646927e-02  1.950091e-03  5.570199e-03  1.193097e+00  3.348903e-02  5.021555e-01  8.803728e-01
  16  3.106791e-02  4.351786e-03  5.464228e-03  1.193097e+00  3.348903e-02  6.818666e-01  1.925467e-01
  17  6.929739e-02  5.049398e-03  6.895096e-03  1.193097e+00  3.348903e-02  6.880254e-01  3.956544e-01
  18  6.183452e-02  4.544787e-03  2.480262e-03  1.193097e+00  3.348903e-02  6.869889e-01  6.026380e-01
  19  2.921901e-02  1.721255e-03  1.161418e-03  1.193097e+00  3.348903e-02  6.842069e-01  8.798362e-01
  20  8.116391e-03  2.041128e-03  1.437950e-03  1.193097e+00  3.348903e-02  8.666536e-01  2.043490e-01
  21  1.801579e-02  3.118405e-03  1.841937e-03  1.193097e+00  3.348903e-02  8.571274e-01  3.841423e-01
  22  1.788338e-02  3.204157e-03  7.717305e-04  1.193097e+00  3.348903e-02  8.627534e-01  5.918291e-01
  23  4.208498e-03  7.607889e-04  1.839776e-04  1.193097e+00  3.348903e-02  8.654102e-01  9.778205e-01
  24  7.009758e-01  1.935413e-02  1.145419e-01  1.382232e+00  4.767331e-02  1.492684e-01  1.953618e-01
  25  8.517384e-01  2.632766e-02  8.900311e-02  1.382232e+00  4.767331e-02  1.516237e-01  4.159418e-01
  26  3.864769e-01  3.003456e-02  9.344046e-02  1.382232e+00  4.767331e-02  1.605467e-01  6.486201e-01
  27  4.310844e-02  1.686221e-02  1.036185e-02  1.382232e+00  4.767331e-02  1.734663e-01  9.409328e-01
  28  3.895935e-01  1.078379e-02  2.134205e-02  1.382232e+00  4.767331e-02  2.492782e-01  1.931971e-01
  29  4.570250e-01  1.294578e-02  7.596029e-02  1.382232e+00  4.767331e-02  2.521955e-01  4.013556e-01
  30  2.634393e-01  1.008486e-02  4.810668e-02  1.382232e+00  4.767331e-02  2.567169e-01  6.056252e-01
  31  6.892513e-02  4.599416e-03  1.254617e-02  1.382232e+00  4.767331e-02  2.646603e-01  9.074795e-01
  32  2.559969e-01  8.192790e-03  5.145926e-02  1.382232e+00  4.767331e-02  3.481522e-01  1.962440e-01
  33  3.522023e-01  1.148250e-02  9.239396e-02  1.382232e+00  4.767331e-02  3.492407e-01  3.992194e-01
  34  1.906311e-01  8.312964e-03  5.025170e-02  1.382232e+00  4.767331e-02  3.537647e-01  5.968037e-01
  35  5.318391e-02  2.765248e-03  1.404687e-02  1.382232e+00  4.767331e-02  3.581169e-01  8.743015e-01
  36  8.957145e-02  3.230095e-03  3.050403e-02  1.382232e+00  4.767331e-02  4.823581e-01  1.941292e-01
  37  1.693075e-01  5.562968e-03  1.260720e-02  1.382232e+00  4.767331e-02  4.896751e-01  4.040858e-01
  38  1.433580e-01  5.254466e-03  6.817245e-03  1.382232e+00  4.767331e-02  4.967901e-01  6.011952e-01
  39  4.705680e-02  1.729003e-03  2.342816e-03  1.382232e+00  4.767331e-02  4.988223e-01  8.630270e-01
  40  2.442938e-02  1.875104e-03  5.254564e-03  1.382232e+00  4.767331e-02  6.844974e-01  1.964359e-01
  41  6.275652e-02  3.673352e-03  9.039986e-03  1.382232e+00  4.767331e-02  6.896765e-01  4.022367e-01
  42  6.635468e-02  3.672494e-03  2.405837e-03  1.382232e+00  4.767331e-02  6.831454e-01  5.925566e-01
  43  2.855617e-02  1.480208e-03  1.048209e-03  1.382232e+00  4.767331e-02  6.873703e-01  8.693981e-01
  44  7.451838e-03  7.169785e-04  1.606219e-03  1.382232e+00  4.767331e-02  8.827601e-01  2.012197e-01
  45  1.448315e-02  1.430280e-03  2.092829e-03  1.382232e+00  4.767331e-02  8.651130e-01  4.064627e-01
  46  1.781081e-02  1.537098e-03  6.532246e-04  1.382232e+00  4.767331e-02  8.669586e-01  6.034689e-01
  47  7.150999e-03  5.954900e-04  2.628258e-04  1.382232e+00  4.767331e-02  8.548976e-01  9.199902e-01
  48  6.503987e-01  1.924775e-02  1.491163e-01  1.555334e+00  6.495400e-02  1.483084e-01  1.978379e-01
  49  8.292633e-01  2.785278e-02  1.435458e-01  1.555334e+00  6.495400e-02  1.496658e-01  4.111897e-01
  50  3.893161e-01  3.084060e-02  1.109772e-01  1.555334e+00  6.495400e-02  1.535979e-01  6.213000e-01
  51  8.284045e-02  1.748618e-02  1.817653e-02  1.555334e+00  6.495400e-02  1.511606e-01  8.079631e-01
  52  4.142893e-01  9.688015e-03  3.867182e-02  1.555334e+00  6.495400e-02  2.477802e-01  1.927794e-01
  53  4.745867e-01  1.283424e-02  2.964230e-02  1.555334e+00  6.495400e-02  2.500283e-01  3.981818e-01
  54  2.319722e-01  9.552337e-03  1.791200e-02  1.555334e+00  6.495400e-02  2.543735e-01  6.044029e-01
  55  3.997913e-02  3.531597e-03  2.991508e-03  1.555334e+00  6.495400e-02  2.724979e-01  9.328044e-01
  56  2.383749e-01  6.476628e-03  2.981891e-02  1.555334e+00  6.495400e-02  3.448823e-01  1.909235e-01
  57  3.302299e-01  1.035495e-02  6.234285e-02  1.555334e+00  6.495400e-02  3.470676e-01  3.999695e-01
  58  1.912472e-01  7.748041e-03  2.888056e-02  1.555334e+00  6.495400e-02  3.518457e-01  5.951770e-01
  59  4.080535e-02  2.217197e-03  6.224988e-03  1.555334e+00  6.495400e-02  3.512442e-01  8.429868e-01
  60  9.921333e-02  2.659531e-03  2.675952e-02  1.555334e+00  6.495400e-02  4.806052e-01  1.926753e-01
  61  1.774598e-01  4.926687e-03  2.163967e-02  1.555334e+00  6.495400e-02  4.889304e-01  4.005417e-01
  62  1.426147e-01  4.854910e-03  3.406810e-02  1.555334e+00  6.495400e-02  4.960961e-01  5.937459e-01
  63  3.785610e-02  1.447008e-03  9.065784e-03  1.555334e+00  6.495400e-02  5.001734e-01  8.586621e-01
  64  2.992659e-02  1.617434e-03  1.024483e-02  1.555334e+00  6.495400e-02  6.857128e-01  1.971141e-01
  65  7.230256e-02  3.396200e-03  1.353359e-02  1.555334e+00  6.495400e-02  6.890337e-01  4.036816e-01
  66  6.876130e-02  3.647956e-03  2.018525e-02  1.555334e+00  6.495400e-02  6.923025e-01  5.982511e-01
  67  2.737762e-02  1.384397e-03  8.032006e-03  1.555334e+00  6.495400e-02  6.964758e-01  8.747113e-01
  68  8.703231e-03  6.698196e-04  2.977419e-03  1.555334e+00  6.495400e-02  8.779104e-01  1.883607e-01
  69  1.822904e-02  1.293402e-03  3.406345e-03  1.555334e+00  6.495400e-02  8.657314e-01  4.041161e-01
  70  1.775613e-02  1.546394e-03  5.214047e-03  1.555334e+00  6.495400e-02  8.720984e-01  5.965982e-01
  71  8.656909e-03  6.559808e-04  2.542222e-03  1.555334e+00  6.495400e-02  8.619836e-01  8.480992e-01
  72  5.763126e-01  2.001059e-02  3.817652e-02  1.727795e+00  8.728510e-02  1.468542e-01  1.973254e-01
  73  7.185568e-01  3.022113e-02  1.820420e-01  1.727795e+00  8.728510e-02  1.454319e-01  4.026933e-01
  74  3.279303e-01  3.260907e-02  1.129099e-01  1.727795e+00  8.728510e-02  1.558208e-01  6.099719e-01
  75  3.239859e-02  1.358451e-02  1.335513e-02  1.727795e+00  8.728510e-02  1.554831e-01  8.081983e-01
  76  3.323430e-01  8.991380e-03  7.086220e-02  1.727795e+00  8.728510e-02  2.484564e-01  1.873554e-01
  77  4.074110e-01  1.299198e-02  3.240556e-02  1.727795e+00  8.728510e-02  2.497046e-01  3.963858e-01
  78  2.020898e-01  9.714107e-03  2.985973e-02  1.727795e+00  8.728510e-02  2.476685e-01  5.912750e-01
  79  3.755099e-02  3.580727e-03  5.478340e-03  1.727795e+00  8.728510e-02  2.531722e-01  8.610163e-01
  80  2.218599e-01  6.111499e-03  2.395700e-02  1.727795e+00  8.728510e-02  3.456192e-01  1.940106e-01
  81  2.953889e-01  1.021725e-02  3.424900e-02  1.727795e+00  8.728510e-02  3.462790e-01  3.943481e-01
  82  1.716402e-01  7.796015e-03  6.735922e-03  1.727795e+00  8.728510e-02  3.501669e-01  5.888511e-01
  83  3.260264e-02  2.377337e-03  1.377015e-03  1.727795e+00  8.728510e-02  3.528966e-01  8.453249e-01
  84  1.035842e-01  2.664339e-03  2.072013e-02  1.727795e+00  8.728510e-02  4.857087e-01  1.957013e-01
  85  1.924714e-01  5.585424e-03  5.056699e-02  1.727795e+00  8.728510e-02  4.906420e-01  3.992347e-01
  86  1.390406e-01  5.150523e-03  2.385870e-02  1.727795e+00  8.728510e-02  4.959667e-01  5.883790e-01
  87  3.505367e-02  1.531994e-03  5.993176e-03  1.727795e+00  8.728510e-02  5.050523e-01  8.477092e-01
  88  3.280503e-02  1.838467e-03  8.768090e-03  1.727795e+00  8.728510e-02  6.825844e-01  1.965834e-01
  89  7.741778e-02  3.623840e-03  2.506752e-02  1.727795e+00  8.728510e-02  6.878657e-01  4.074623e-01
  90  7.031607e-02  3.920981e-03  1.447155e-02  1.727795e+00  8.728510e-02  6.870626e-01  5.979734e-01
  91  2.669925e-02  1.689753e-03  5.494388e-03  1.727795e+00  8.728510e-02  6.883690e-01  8.444146e-01
  92  1.092397e-02  7.205488e-04  2.921264e-03  1.727795e+00  8.728510e-02  8.684961e-01  1.919246e-01
  93  1.885931e-02  1.322346e-03  6.097972e-03  1.727795e+00  8.728510e-02  8.671656e-01  4.011376e-01
  94  1.684333e-02  1.282608e-03  3.478812e-03  1.727795e+00  8.728510e-02  8.628520e-01  5.934296e-01
  95  6.128755e-03  4.873535e-04  1.263958e-03  1.727795e+00  8.728510e-02  8.573895e-01  8.437346e-01
  96  5.645336e-01  2.102001e-02  5.709789e-02  2.173184e+00  1.175628e-01  1.440337e-01  1.920457e-01
  97  7.634494e-01  3.450331e-02  4.504639e-02  2.173184e+00  1.175628e-01  1.424638e-01  3.941876e-01
  98  3.530944e-01  3.435884e-02  3.906164e-02  2.173184e+00  1.175628e-01  1.517194e-01  5.860352e-01
  99  3.866974e-02  1.342150e-02  3.772906e-03  2.173184e+00  1.175628e-01  1.549487e-01  7.853437e-01
 100  3.654715e-01  9.148726e-03  1.200408e-01  2.173184e+00  1.175628e-01  2.461298e-01  1.878949e-01
 101  4.103719e-01  1.341051e-02  7.856623e-02  2.173184e+00  1.175628e-01  2.485413e-01  3.952278e-01
 102  2.064376e-01  1.066036e-02  4.390335e-02  2.173184e+00  1.175628e-01  2.500493e-01  5.875920e-01
 103  3.600826e-02  4.006143e-03  7.655453e-03  2.173184e+00  1.175628e-01  2.611005e-01  8.649021e-01
 104  2.059020e-01  5.551269e-03  4.681493e-02  2.173184e+00  1.175628e-01  3.465451e-01  1.883315e-01
 105  2.965478e-01  1.026632e-02  2.834702e-02  2.173184e+00  1.175628e-01  3.471528e-01  3.976154e-01
 106  1.670682e-01  7.890921e-03  1.557583e-02  2.173184e+00  1.175628e-01  3.491919e-01  5.852368e-01
 107  3.092557e-02  2.151524e-03  2.826379e-03  2.173184e+00  1.175628e-01  3.550729e-01  8.500744e-01
 108  1.006852e-01  2.598075e-03  1.391881e-02  2.173184e+00  1.175628e-01  4.866926e-01  1.954943e-01
 109  1.754545e-01  5.052876e-03  3.284508e-02  2.173184e+00  1.175628e-01  4.894140e-01  4.014830e-01
 110  1.420682e-01  5.364573e-03  1.304229e-02  2.173184e+00  1.175628e-01  4.898108e-01  5.896274e-01
 111  2.693778e-02  1.356806e-03  2.456219e-03  2.173184e+00  1.175628e-01  5.008960e-01  8.314612e-01
 112  3.791631e-02  1.815353e-03  7.353184e-03  2.173184e+00  1.175628e-01  6.855324e-01  1.974597e-01
 113  6.649700e-02  3.263471e-03  1.670003e-02  2.173184e+00  1.175628e-01  6.839632e-01  3.976415e-01
 114  6.840196e-02  3.724993e-03  1.029695e-02  2.173184e+00  1.175628e-01  6.872993e-01  5.942558e-01
 115  3.073933e-02  1.564605e-03  4.627182e-03  2.173184e+00  1.175628e-01  6.908770e-01  8.493998e-01
 116  1.080792e-02  7.398086e-04  2.098076e-03  2.173184e+00  1.175628e-01  8.786498e-01  1.984656e-01
 117  2.046802e-02  1.384788e-03  5.146897e-03  2.173184e+00  1.175628e-01  8.695207e-01  3.966312e-01
 118  1.640731e-02  1.325570e-03  2.470148e-03  2.173184e+00  1.175628e-01  8.726124e-01  5.829242e-01
 119  6.936990e-03  5.921638e-04  1.040823e-03  2.173184e+00  1.175628e-01  8.566348e-01  8.515904e-01
 120  5.688420e-01  2.665532e-02  6.831275e-02  3.167230e+00  1.656179e-01  1.442178e-01  1.934515e-01
 121  6.871063e-01  4.671623e-02  4.670568e-02  3.167230e+00  1.656179e-01  1.447786e-01  3.996866e-01
 122  3.266544e-01  4.382354e-02  3.096418e-02  3.167230e+00  1.656179e-01  1.512067e-01  5.869659e-01
 123  3.533988e-02  1.885115e-02  8.420353e-03  3.167230e+00  1.656179e-01  1.665327e-01  8.062597e-01
 124  3.564828e-01  1.039519e-02  6.713467e-02  3.167230e+00  1.656179e-01  2.472058e-01  1.858385e-01
 125  3.655773e-01  1.704520e-02  9.780411e-02  3.167230e+00  1.656179e-01  2.473522e-01  3.917098e-01
 126  2.177641e-01  1.421711e-02  6.065597e-02  3.167230e+00  1.656179e-01  2.471149e-01  5.947982e-01
 127  3.694368e-02  5.116833e-03  1.027260e-02  3.167230e+00  1.656179e-01  2.507791e-01  8.397351e-01
 128  2.140272e-01  6.720728e-03  6.427721e-02  3.167230e+00  1.656179e-01  3.457854e-01  1.896447e-01
 129  3.160249e-01  1.274310e-02  5.238840e-02  3.167230e+00  1.656179e-01  3.479129e-01  3.963218e-01
 130  1.747930e-01  1.061085e-02  2.878169e-02  3.167230e+00  1.656179e-01  3.499066e-01  5.879644e-01
 131  3.035362e-02  2.783973e-03  4.973469e-03  3.167230e+00  1.656179e-01  3.502104e-01  8.415364e-01
 132  1.112680e-01  3.138561e-03  2.356187e-02  3.167230e+00  1.656179e-01  4.855294e-01  1.943765e-01
 133  1.721816e-01  5.698300e-03  2.338044e-02  3.167230e+00  1.656179e-01  4.898309e-01  3.964571e-01
 134  1.306147e-01  6.021287e-03  1.064579e-02  3.167230e+00  1.656179e-01  4.934390e-01  5.921587e-01
 135  3.239280e-02  1.783456e-03  2.677153e-03  3.167230e+00  1.656179e-01  4.978137e-01  8.401370e-01
 136  3.767934e-02  2.179660e-03  7.791707e-03  3.167230e+00  1.656179e-01  6.876212e-01  1.950272e-01
 137  6.561372e-02  3.670117e-03  1.294782e-02  3.167230e+00  1.656179e-01  6.841689e-01  3.996433e-01
 138  5.705422e-02  3.978107e-03  5.485204e-03  3.167230e+00  1.656179e-01  6.854529e-01  5.969655e-01
 139  2.446285e-02  1.684933e-03  2.338101e-03  3.167230e+00  1.656179e-01  6.926938e-01  8.664622e-01
 140  1.087480e-02  8.084619e-04  2.259147e-03  3.167230e+00  1.656179e-01  8.682637e-01  1.965609e-01
 141  1.979613e-02  1.483969e-03  3.902018e-03  3.167230e+00  1.656179e-01  8.739957e-01  3.999811e-01
 142  1.601777e-02  1.484270e-03  1.535607e-03  3.167230e+00  1.656179e-01  8.660783e-01  5.925217e-01
 143  3.575984e-03  4.098332e-04  3.427942e-04  3.167230e+00  1.656179e-01  8.535796e-01  8.636587e-01
 144  6.125599e-01  3.935165e-02  4.005305e-02  4.877871e+00  2.397462e-01  1.437440e-01  1.837664e-01
 145  6.668526e-01  7.027316e-02  5.785715e-02  4.877871e+00  2.397462e-01  1.449784e-01  3.957125e-01
 146  2.072101e-01  5.807764e-02  3.668105e-02  4.877871e+00  2.397462e-01  1.471170e-01  5.749643e-01
 147  8.914362e-02  4.395071e-02  1.521485e-02  4.878036e+00  2.397505e-01  1.637091e-01  8.184828e-01
 148  3.581329e-01  1.383537e-02  9.420286e-02  4.877871e+00  2.397462e-01  2.463729e-01  1.819603e-01
 149  4.361007e-01  2.626992e-02  5.493787e-02  4.877871e+00  2.397462e-01  2.466178e-01  3.941371e-01
 150  2.539790e-01  2.174463e-02  5.188697e-02  4.877871e+00  2.397462e-01  2.454562e-01  5.843358e-01
 151  4.077207e-02  7.775126e-03  8.291512e-03  4.877871e+00  2.397462e-01  2.471435e-01  8.293597e-01
 152  2.273273e-01  9.111468e-03  3.596027e-02  4.877871e+00  2.397462e-01  3.453071e-01  1.865416e-01
 153  3.010431e-01  1.643668e-02  1.986540e-02  4.877871e+00  2.397462e-01  3.501724e-01  3.951415e-01
 154  1.574703e-01  1.509203e-02  9.862480e-03  4.877871e+00  2.397462e-01  3.471723e-01  5.937149e-01
 155  3.819544e-02  4.898490e-03  2.425469e-03  4.877871e+00  2.397462e-01  3.446783e-01  8.331610e-01
 156  1.125571e-01  4.251325e-03  1.623689e-02  4.877871e+00  2.397462e-01  4.875198e-01  1.957824e-01
 157  1.817218e-01  7.661466e-03  3.705849e-02  4.877871e+00  2.397462e-01  4.885332e-01  3.945771e-01
 158  1.273841e-01  7.518105e-03  1.388584e-02  4.877871e+00  2.397462e-01  4.928069e-01  5.911520e-01
 159  2.721739e-02  2.471488e-03  2.957988e-03  4.877871e+00  2.397462e-01  5.001378e-01  8.404897e-01
 160  4.522736e-02  3.199024e-03  9.601567e-03  4.877871e+00  2.397462e-01  6.845930e-01  2.014892e-01
 161  6.800532e-02  5.270094e-03  1.812126e-02  4.877871e+00  2.397462e-01  6.866933e-01  3.988194e-01
 162  6.236008e-02  5.100107e-03  1.052036e-02  4.877871e+00  2.397462e-01  6.848504e-01  5.908545e-01
 163  1.989949e-02  2.035803e-03  3.344220e-03  4.877871e+00  2.397462e-01  6.841689e-01  8.530092e-01
 164  9.868023e-03  1.093460e-03  2.093086e-03  4.877871e+00  2.397462e-01  8.791135e-01  1.976768e-01
 165  2.097461e-02  2.158025e-03  5.589192e-03  4.877871e+00  2.397462e-01  8.742800e-01  3.897955e-01
 166  1.251087e-02  1.952841e-03  2.109919e-03  4.877871e+00  2.397462e-01  8.648613e-01  5.932137e-01
 167  5.779904e-03  7.054817e-04  9.724832e-04  4.877871e+00  2.397462e-01  8.542249e-01  8.271951e-01
 168  4.007318e-01  9.523517e-02  3.570015e-02  7.476752e+00  3.397011e-01  1.450505e-01  1.668976e-01
 169  9.074572e-01  2.152381e-01  8.289126e-02  7.476752e+00  3.397011e-01  1.433889e-01  3.907315e-01
 170  6.648363e-01  1.983100e-01  1.152671e-01  7.476752e+00  3.397011e-01  1.541324e-01  5.775098e-01
 171  1.068272e-01  6.575250e-02  3.632007e-02  7.478595e+00  3.397001e-01  1.606749e-01  8.109646e-01
 172  3.463079e-01  3.161681e-02  9.159316e-02  7.476752e+00  3.397011e-01  2.473638e-01  1.911248e-01
 173  3.607246e-01  6.097173e-02  4.870619e-02  7.476752e+00  3.397011e-01  2.458535e-01  3.913985e-01
 174  2.378024e-01  5.560110e-02  4.986721e-02  7.476752e+00  3.397011e-01  2.426824e-01  6.048076e-01
 175  1.013288e-01  2.596095e-02  2.080029e-02  7.476752e+00  3.397011e-01  2.470837e-01  8.563516e-01
 176  2.755711e-01  2.203891e-02  4.345031e-02  7.476752e+00  3.397011e-01  3.498034e-01  1.886464e-01
 177  2.909761e-01  3.787626e-02  2.036016e-02  7.476752e+00  3.397011e-01  3.499240e-01  3.984976e-01
 178  1.523306e-01  3.348492e-02  9.895797e-03  7.476752e+00  3.397011e-01  3.491711e-01  6.006329e-01
 179  5.552395e-02  1.461044e-02  3.771224e-03  7.476752e+00  3.397011e-01  3.472398e-01  8.702808e-01
 180  1.446445e-01  1.110774e-02  2.085395e-02  7.476752e+00  3.397011e-01  4.816053e-01  1.970406e-01
 181  1.848467e-01  1.728080e-02  3.768009e-02  7.476752e+00  3.397011e-01  4.900674e-01  3.984633e-01
 182  1.147561e-01  1.545091e-02  1.246611e-02  7.476752e+00  3.397011e-01  4.978101e-01  5.884635e-01
 183  3.968183e-02  6.600239e-03  4.309516e-03  7.476752e+00  3.397011e-01  4.989147e-01  8.252322e-01
 184  4.830161e-02  7.457249e-03  1.026526e-02  7.476752e+00  3.397011e-01  6.859150e-01  1.955193e-01
 185  8.978430e-02  1.185051e-02  2.391656e-02  7.476752e+00  3.397011e-01  6.808502e-01  4.041013e-01
 186  4.373500e-02  1.059440e-02  7.369111e-03  7.476752e+00  3.397011e-01  6.787760e-01  6.009503e-01
 187  1.834806e-02  4.057309e-03  3.092164e-03  7.478595e+00  3.397001e-01  6.847035e-01  8.498105e-01
 188  1.070474e-02  2.602626e-03  2.278087e-03  7.476752e+00  3.397011e-01  8.664767e-01  2.048082e-01
 189  9.213468e-03  3.961882e-03  2.453128e-03  7.476752e+00  3.397011e-01  8.860031e-01  3.916029e-01
 190  2.450749e-02  5.061903e-03  4.140522e-03  7.476752e+00  3.397011e-01  8.736346e-01  5.832518e-01
 191  6.485061e-03  1.675036e-03  1.097883e-03  7.476752e+00  3.397011e-01  8.437955e-01  8.463523e-01
 192  8.126239e-01  2.641704e-01  6.047820e-02  1.023497e+01  4.514519e-01  1.430925e-01  1.900077e-01
 193  1.569270e-02  3.530039e-01  1.418539e-03  1.023720e+01  4.515289e-01  1.511873e-01  3.522470e-01
 194  6.926139e-01  4.996471e-01  2.238413e-01  1.025287e+01  4.519978e-01  1.479107e-01  5.947335e-01
 195  0.000000e+00  0.000000e+00  0.000000e+00  0.000000e+00  0.000000e+00  0.000000e+00  0.000000e+00
 196  3.731645e-01  7.096897e-02  9.978316e-02  1.023497e+01  4.514519e-01  2.527216e-01  1.931788e-01
 197  5.237802e-01  1.383406e-01  7.696885e-02  1.023720e+01  4.515289e-01  2.332825e-01  3.807224e-01
 198  3.957983e-01  1.245194e-01  8.171684e-02  1.023497e+01  4.514519e-01  2.432673e-01  5.960061e-01
 199  4.346364e-02  5.656425e-02  1.292848e-02  1.021832e+01  4.509441e-01  2.503054e-01  8.095979e-01
 200  2.002069e-01  4.267591e-02  3.150083e-02  1.023497e+01  4.514519e-01  3.396902e-01  1.962102e-01
 201  4.130695e-01  8.476604e-02  2.662567e-02  1.023497e+01  4.514519e-01  3.517798e-01  3.851187e-01
 202  6.978151e-02  6.017593e-02  1.348328e-02  1.023497e+01  4.514519e-01  3.497086e-01  5.786865e-01
 203  1.909246e-02  2.153324e-02  8.845331e-04  1.023497e+01  4.514519e-01  3.877412e-01  7.935257e-01
 204  1.112554e-01  2.094467e-02  1.599870e-02  1.023497e+01  4.514519e-01  4.903939e-01  1.746623e-01
 205  1.605623e-01  3.550720e-02  3.259649e-02  1.023497e+01  4.514519e-01  4.953121e-01  3.931238e-01
 206  1.366233e-01  3.521853e-02  1.489731e-02  1.023497e+01  4.514519e-01  4.701181e-01  5.856627e-01
 207  2.013906e-02  9.980879e-03  2.203762e-03  1.023497e+01  4.514519e-01  4.790314e-01  8.371877e-01
 208  3.690877e-02  1.355212e-02  7.839490e-03  1.023497e+01  4.514519e-01  6.761879e-01  1.787396e-01
 209  1.498861e-02  3.752128e-02  3.304697e-03  1.026104e+01  4.522673e-01  6.476242e-01  3.784112e-01
 210  1.068960e-01  2.630729e-02  1.798158e-02  1.023497e+01  4.514519e-01  6.762573e-01  6.135423e-01
 211  4.920131e-03  8.153106e-03  8.335474e-04  1.023720e+01  4.515289e-01  6.781835e-01  8.067956e-01
 212  1.098280e-02  6.783582e-03  2.338960e-03  1.023497e+01  4.514519e-01  8.876532e-01  1.788608e-01
 213  4.415323e-02  1.351255e-02  9.746262e-03  1.023720e+01  4.515289e-01  8.689198e-01  4.263817e-01
 214  0.000000e+00  0.000000e+00  0.000000e+00  0.000000e+00  0.000000e+00  0.000000e+00  0.000000e+00
 215  1.000052e-02  4.524609e-03  3.333452e-03  1.023720e+01  4.515289e-01  8.640183e-01  8.500868e-01
