0.0023
0.0022
0.0022
0.0021
0.0020
0.0020
0.0019
0.0018
0.0018
0.0017
0.0017
0.0016
0.0016
0.0015
0.0015
0.0014
0.0014
0.0013
0.0013
0.0013
0.0012
0.0012
0.0012
0.0011
0.0011
0.0011
0.0010
0.0010
0.00099
0.00096
0.00094
0.00092
0.00090
0.00088
0.00086
0.00084
0.00082
0.00080
0.00078
0.00077
0.00075
0.00074
0.00072
0.00071
0.00069
0.00068
0.00067
0.00066
0.00064
0.00063
0.00062
0.00061
0.00060
0.00059
0.00057
0.00057
0.00056
0.00055
0.00054
0.00053
0.00053
0.00052
0.00051
0.00050
0.00050
0.00049
0.00049
0.00048
0.00047
0.00048
0.00047
0.00046
0.00044
0.00043
0.00044
0.00043
0.00048
