0.00040
0.00041
0.00043
0.00044
0.00046
0.00047
0.00049
0.00050
0.00052
0.00054
0.00056
0.00058
0.00060
0.00063
0.00065
0.00068
0.00070
0.00073
0.00076
0.00079
0.00082
0.00086
0.00089
0.00093
0.00097
0.0010
0.0011
0.0011
0.0012
0.0012
0.0013
0.0013
0.0014
0.0015
0.0016
0.0016
0.0017
0.0018
0.0019
0.0021
0.0022
0.0023
0.0025
0.0026
0.0028
0.0030
0.0032
0.0034
0.0036
0.0039
0.0042
0.0045
0.0048
0.0052
0.0056
0.0060
0.0064
0.0070
0.0075
0.0082
0.0089
0.0095
0.010
0.011
0.012
0.013
0.015
0.016
0.017
0.019
0.021
0.022
0.025
0.028
0.032
0.037
0.044
