0.0998
0.0953
0.0878
0.0826
0.0799
0.0773
0.0714
0.0669
0.0608
0.0595
0.0558
0.0554
0.0505
0.0491
0.0455
0.0435
0.0407
0.0394
0.0379
0.0352
0.0344
0.0328
0.0317
0.0304
0.0283
0.0279
0.0252
0.0256
0.02351
0.02232
0.01977
0.01916
0.01935
0.01740
0.01588
0.01482
0.01386
0.01266
0.01158
0.01229
0.00997
0.00954
0.00839
0.00858
0.00777
0.00793
0.00844
0.00866
0.00994
0.01036
0.01081
0.01091
0.01030
0.01016
0.01027
0.01035
0.01015
0.00969
0.00933
0.00927
0.00933
0.00912
0.00869
0.00808
0.00788
0.00729
0.00692
0.00645
0.00581
0.00565
0.00508
0.00497
0.00436
0.00414
0.00456
0.00515
0.00685
