0.57237
0.56212
0.55324
0.54636
0.54088
0.53576
0.53209
0.52874
0.52551
0.52380
0.52146
0.52045
0.51946
0.51865
0.51752
0.51751
0.51857
0.51760
0.51807
0.51960
0.52046
0.52136
0.52224
0.52316
0.52664
0.5284
0.5303
0.5343
0.5351
0.5389
0.5432
0.5459
0.5500
0.5572
0.5637
0.5703
0.5786
0.5855
0.5938
0.6042
0.6130
0.6235
0.6347
0.6473
0.6599
0.6717
0.6876
0.6949
0.7101
0.7262
0.7419
0.7562
0.7670
0.7867
0.8011
0.8161
0.8340
0.8445
0.8611
0.8806
0.8921
0.9087
0.926
0.936
0.948
0.957
0.970
0.980
0.980
0.985
0.991
0.9949
0.9959
0.9968
0.9979
0.9993
1.000
