0.0999
0.0953
0.0878
0.0825
0.0799
0.0774
0.0715
0.0669
0.0607
0.0594
0.0557
0.0554
0.0505
0.0490
0.0455
0.0435
0.0406
0.0394
0.0379
0.0352
0.0344
0.0328
0.0317
0.0303
0.0283
0.0279
0.0253
0.0256
0.02353
0.02235
0.01982
0.01921
0.01940
0.01747
0.01595
0.01488
0.01391
0.01271
0.01164
0.01235
0.01005
0.00961
0.00846
0.00863
0.00783
0.00799
0.00856
0.00899
0.01046
0.01098
0.01145
0.01160
0.01097
0.01084
0.01102
0.01116
0.01087
0.01043
0.01004
0.00987
0.00989
0.00968
0.00921
0.00853
0.00830
0.00760
0.00724
0.00675
0.00608
0.00589
0.00532
0.00520
0.00464
0.00442
0.00486
0.00538
0.00694
