3.5096
3.2889
3.0682
2.8728
2.6989
2.5182
2.3425
2.1702
2.0128
1.8649
1.7363
1.6232
1.5166
1.4103
1.3153
1.2334
1.1523
1.0726
0.9980
0.9298
0.8676
0.8148
0.7650
0.7181
0.6694
0.6228
0.5837
0.5414
0.51047
0.47010
0.43894
0.41116
0.38638
0.36207
0.33964
0.31657
0.29420
0.27612
0.25225
0.23669
0.22040
0.20707
0.19084
0.17668
0.16239
0.15091
0.14108
0.13072
0.11810
0.10919
0.10109
0.09377
0.08526
0.07836
0.07156
0.06537
0.06097
0.05344
0.04999
0.04470
0.04101
0.03728
0.03175
0.03070
0.02607
0.02313
0.02161
0.01760
0.01516
0.01521
0.01024
0.01067
0.00742
0.00655
0.00388
0.00345
0.00231
