0.00033
0.00035
0.00037
0.00039
0.00041
0.00043
0.00045
0.00047
0.00049
0.00051
0.00053
0.00055
0.00057
0.00060
0.00062
0.00065
0.00067
0.00070
0.00072
0.00075
0.00078
0.00081
0.00084
0.00087
0.00091
0.00094
0.00098
0.0010
0.0011
0.0011
0.0011
0.0012
0.0012
0.0013
0.0013
0.0014
0.0014
0.0015
0.0015
0.0016
0.0016
0.0017
0.0017
0.0018
0.0018
0.0019
0.0019
0.0020
0.0020
0.0021
0.0021
0.0021
0.0022
0.0022
0.0023
0.0023
0.0023
0.0024
0.0024
0.0023
0.0024
0.0023
0.0022
0.0022
0.0021
0.0020
0.0019
0.0016
0.0018
0.0017
0.0015
0.0011
0.0012
0.0011
0.0010
0.00070
0.0
