0.42763
0.43788
0.44676
0.45364
0.45912
0.46424
0.46791
0.47126
0.47449
0.47620
0.47854
0.47955
0.48054
0.48135
0.48248
0.48249
0.48143
0.48240
0.48193
0.48040
0.47954
0.47864
0.47776
0.47684
0.47336
0.47161
0.46975
0.4657
0.4649
0.4611
0.4568
0.4541
0.4500
0.4428
0.4363
0.4297
0.4214
0.4145
0.4062
0.3958
0.3870
0.3765
0.3653
0.3527
0.3401
0.3283
0.3124
0.3051
0.2899
0.2738
0.2581
0.2438
0.2330
0.2133
0.1989
0.1839
0.1660
0.1555
0.1389
0.1194
0.1079
0.0913
0.0742
0.0637
0.0524
0.0426
0.0303
0.0205
0.0202
0.0152
0.0094
0.0051
0.0041
0.0032
0.0021
0.00070
0.0
