0.70372
0.70370
0.70441
0.70457
0.70528
0.70600
0.70690
0.70820
0.70898
0.71022
0.71210
0.71324
0.71445
0.71617
0.71783
0.71995
0.72156
0.72394
0.72594
0.72880
0.73133
0.73413
0.73724
0.74037
0.74316
0.74764
0.75143
0.7550
0.7593
0.7640
0.7686
0.7738
0.7789
0.7857
0.7915
0.7990
0.8056
0.8121
0.8198
0.8270
0.8369
0.8444
0.8528
0.8608
0.8700
0.8777
0.8859
0.8929
0.9007
0.9104
0.9159
0.9245
0.9310
0.9380
0.9451
0.9524
0.9594
0.9653
0.9693
0.9740
0.9786
0.9835
0.9868
0.9901
0.9919
0.993
0.995
0.996
0.998
0.999
0.999
1.000
1.000
1.000
1.000
1.000
1.000
1.000
