11.2103
10.0830
9.0860
8.1891
7.4030
6.7117
6.1072
5.5576
5.0571
4.6148
4.2098
3.8553
3.5282
3.2348
2.9596
2.7161
2.4956
2.2902
2.1020
1.9371
1.7763
1.6434
1.5082
1.3976
1.2889
1.1913
1.1038
1.0157
0.9417
0.8738
0.8100
0.7478
0.6933
0.6418
0.5966
0.5518
0.5119
0.4755
0.4418
0.4062
0.37935
0.35036
0.32800
0.30456
0.28309
0.26148
0.24380
0.22613
0.20889
0.19702
0.17878
0.16840
0.15488
0.14340
0.13237
0.12205
0.11231
0.10234
0.09579
0.08605
0.07893
0.07121
0.06605
0.05828
0.05322
0.04862
0.04139
0.03638
0.03267
0.02750
0.02447
0.01946
0.01551
0.01252
0.01024
0.00792
0.00464
0.00766
