0.00027
0.00028
0.00030
0.00032
0.00033
0.00035
0.00037
0.00039
0.00041
0.00043
0.00045
0.00048
0.00050
0.00053
0.00055
0.00058
0.00061
0.00064
0.00067
0.00070
0.00074
0.00077
0.00081
0.00085
0.00090
0.00094
0.00099
0.0010
0.0011
0.0012
0.0012
0.0013
0.0014
0.0014
0.0015
0.0016
0.0017
0.0018
0.0019
0.0020
0.0021
0.0022
0.0023
0.0025
0.0026
0.0028
0.0029
0.0031
0.0033
0.0035
0.0037
0.0040
0.0042
0.0045
0.0047
0.0051
0.0054
0.0057
0.0061
0.0065
0.0070
0.0075
0.0080
0.0086
0.0093
0.010
0.011
0.012
0.013
0.014
0.015
0.017
0.019
0.021
0.024
0.028
0.033
0.030
