0.0041
0.0039
0.0037
0.0035
0.0033
0.0032
0.0030
0.0029
0.0028
0.0027
0.0026
0.0025
0.0024
0.0023
0.0022
0.0021
0.0020
0.0019
0.0019
0.0018
0.0017
0.0017
0.0016
0.0016
0.0015
0.0015
0.0014
0.0014
0.0013
0.0013
0.0013
0.0012
0.0012
0.0012
0.0011
0.0011
0.0011
0.0011
0.0010
0.0010
0.00098
0.00096
0.00094
0.00092
0.00090
0.00088
0.00087
0.00085
0.00084
0.00083
0.00081
0.00080
0.00079
0.00078
0.00077
0.00076
0.00075
0.00074
0.00073
0.00072
0.00071
0.00070
0.00070
0.00069
0.00069
0.00069
0.00068
0.00066
0.00065
0.00064
0.00065
0.00061
0.00060
0.00058
0.00057
0.00054
0.00055
0.00092
