0.29628
0.29630
0.29559
0.29543
0.29472
0.29400
0.29310
0.29180
0.29102
0.28978
0.28790
0.28676
0.28555
0.28383
0.28217
0.28005
0.27844
0.27606
0.27406
0.27120
0.26867
0.26587
0.26276
0.25963
0.25684
0.25236
0.24857
0.24499
0.24072
0.23598
0.23138
0.22623
0.22105
0.21430
0.20853
0.20096
0.19442
0.18794
0.18025
0.17301
0.16311
0.15561
0.14724
0.13918
0.12997
0.12226
0.11411
0.10710
0.09934
0.08956
0.08407
0.07551
0.06899
0.06201
0.05492
0.04760
0.04056
0.03469
0.03074
0.02597
0.02145
0.01653
0.01320
0.00989
0.00809
0.00677
0.00521
0.00364
0.00231
0.00130
0.00060
0.00015
0.00035
0.00022
0.0
0.0
0.0
0.0
