0.2854
0.2649
0.2399
0.2148
0.1990
0.1824
0.1709
0.1557
0.1433
0.1325
0.1265
0.1201
0.1090
0.1034
0.0968
0.0879
0.0810
0.0763
0.0704
0.0667
0.0619
0.0571
0.0535
0.0499
0.0481
0.0433
0.0410
0.0365
0.0361
0.0332
0.0306
0.0299
0.0272
0.0252
0.0243
0.0235
0.0218
0.0199
0.0200
0.0177
0.01702
0.01606
0.01472
0.01414
0.01375
0.01210
0.01230
0.01191
0.01354
0.01001
0.01000
0.01009
0.00907
0.00918
0.00867
0.00826
0.00783
0.00727
0.00683
0.00657
0.00658
0.00673
0.00564
0.00625
0.00511
0.00529
0.00496
0.00454
0.00430
0.00475
0.00427
0.00354
0.00388
0.00330
0.00359
0.00333
0.00326
0.00556
