0.2855
0.2650
0.2399
0.2148
0.1990
0.1825
0.1710
0.1557
0.1433
0.1325
0.1265
0.1201
0.1090
0.1034
0.0968
0.0880
0.0811
0.0764
0.0704
0.0668
0.0619
0.0572
0.0535
0.0499
0.0482
0.0433
0.0410
0.0365
0.0361
0.0332
0.0306
0.0298
0.0272
0.0252
0.0243
0.0235
0.0218
0.0199
0.0200
0.0177
0.01703
0.01607
0.01473
0.01415
0.01377
0.01212
0.01232
0.01194
0.01357
0.01006
0.01006
0.01017
0.00914
0.00926
0.00876
0.00835
0.00791
0.00738
0.00696
0.00670
0.00673
0.00688
0.00579
0.00635
0.00521
0.00533
0.00500
0.00456
0.00429
0.00473
0.00421
0.00345
0.00376
0.00311
0.00338
0.00306
0.00290
0.00499
