  X       XMIN    XMAX    Q2      A1                    G1
  0.0033  0.0030  0.0035  0.78 	  0.003  0.009  0.004   0.090  0.240  0.107
  0.0038  0.0035  0.0040  0.83 	 -0.004  0.007  0.003  -0.097  0.183  0.082
  0.0046  0.004   0.005   1.10 	  0.004  0.009  0.004   0.082  0.210  0.089
  0.0055  0.005   0.006   1.22 	  0.003  0.007  0.003   0.062  0.146  0.062
  0.0070  0.006   0.008   1.39   -0.002  0.005  0.002  -0.034  0.086  0.036
  0.0090  0.008   0.010   1.61   -0.010  0.006  0.003  -0.139  0.078  0.035
  0.0141  0.010   0.020   2.15 	  0.002  0.004  0.002   0.017  0.033  0.014
  0.0244  0.020   0.030   3.18 	  0.003  0.006  0.003   0.017  0.035  0.015
  0.0346  0.030   0.040   4.26 	  0.009  0.008  0.004   0.041  0.035  0.016
  0.0487  0.040   0.060   5.80 	  0.017  0.008  0.004   0.054  0.026  0.012
  0.0765  0.060   0.100   8.53 	  0.058  0.009  0.007   0.121  0.019  0.014
  0.121   0.100   0.150   12.6 	  0.095  0.013  0.011   0.123  0.017  0.014
  0.171   0.150   0.200   17.2 	  0.123  0.020  0.014   0.103  0.016  0.012
  0.222   0.200   0.250   21.8 	  0.183  0.028  0.021   0.077  0.011  0.009
  0.405   0.350   0.500   39.7 	  0.343  0.049  0.038   0.106  0.016  0.012
  0.290   0.250   0.350   28.3 	  0.216  0.030  0.024   0.077  0.011  0.009
  0.405   0.350   0.500	  39.7 	  0.343  0.049  0.038   0.055  0.008  0.006
  0.566   0.500   0.700	  55.3 	  0.626  0.112  0.075   0.027  0.005  0.003
