  X 	  XMIN   XMAX     Q2 	  Y 	 A1 	               G1
  0.0051  0.004  0.006 	  1.18 	  0.76 	 0.009  0.009  0.004   0.190  0.195   0.090
  0.0079  0.006  0.010 	  1.53 	  0.64 	-0.013  0.006  0.003  -0.203  0.096   0.047
  0.0141  0.010  0.020 	  2.28 	  0.54 	-0.000  0.006  0.003  -0.001  0.056   0.025
  0.0243  0.020  0.030 	  3.38 	  0.46 	 0.003  0.009  0.004   0.018  0.059   0.027
  0.0345  0.030  0.040 	  4.53 	  0.43 	 0.008  0.013  0.006   0.039  0.060   0.028
  0.0486  0.040  0.060 	  6.08 	  0.41 	 0.003  0.013  0.006   0.010  0.044   0.020
  0.0762  0.060  0.100 	  8.74 	  0.38 	 0.069  0.015  0.010   0.149  0.033   0.020
  0.1205  0.100  0.150 	  12.9 	  0.35 	 0.080  0.024  0.013   0.103  0.031   0.017
  0.1717  0.150  0.200 	  17.5 	  0.34 	 0.116  0.038  0.021   0.096  0.031   0.017
  0.2390  0.200  0.300 	  23.9 	  0.33 	 0.217  0.045  0.029   0.110  0.023   0.014
  0.3401  0.300  0.400 	  34.0 	  0.33 	 0.294  0.086  0.048   0.074  0.022   0.012
  0.4740  0.400  0.700 	  47.5 	  0.33 	 0.542  0.139  0.083   0.050  0.013   0.007

