EXPeriment      = SLAC-E-143                     
REACtion        = e- PROTON  --> e- X                               
Collaboration   = E143                      
Author          = Abe et al. 
REFerence       = SLAC-PUB-7753 (Feb 1998) 
                  submitted to Phys.Rev.D.
Additional info = Measurement of the spin-dependent structure function G1p of 
                  the proton in deep inelastic scattering polarised 
                  electrons at incident energies of 9.7, 16.2 and 
                  29.1 GeV on a polarised Ammonia target. Data cover the 
                  kinematical x range 0.024 to 0.75 and  Q**2 from  0.5
                  to 10 Gev**2;
                  This final data supersedes those given in previous papers
                  Phys.Rev.Lett.74(95)346, Phys.Lett.B364(95)61,
                  Phys.Rev.Lett.75(95)25, Phys.Rev.Lett.76(96)587 and
                  Phys.Rev.Lett.78(97)815.

=============================================================
  Detailed results for G1p/F1p. 
  W**2 &gt; 4 GeV**2 (DIS region)
  Additional normalisation uncertainty = 3.7%.
 
   x     Q**2     E   G1p/F1p      Errors
        GeV**2   GeV           stat     sys

 0.024   0.51   16.2   0.092   0.027   0.014
 0.027   0.55   16.2   0.086   0.026   0.013
 0.027   1.17   29.1  -0.032   0.068   0.010
 0.031   0.59   16.2   0.084   0.026   0.012
 0.031   1.27   29.1   0.064   0.034   0.009
 0.035   0.31    9.7   0.096   0.037   0.018
 0.035   0.64   16.2   0.059   0.024   0.011
 0.035   1.40   29.1   0.123   0.025   0.008
 0.039   0.33    9.7   0.024   0.037   0.018
 0.039   0.68   16.2   0.072   0.024   0.011
 0.039   1.52   29.1   0.083   0.023   0.008
 0.044   0.35    9.7   0.106   0.037   0.019
 0.044   0.73   16.2   0.096   0.023   0.011
 0.044   0.98   16.2   0.097   0.520   0.010
 0.044   1.65   29.1   0.110   0.021   0.008
 0.049   0.36    9.7   0.108   0.039   0.020
 0.049   0.78   16.2   0.147   0.024   0.011
 0.049   1.06   16.2   0.078   0.109   0.010
 0.049   1.78   29.1   0.125   0.020   0.008
 0.056   0.38    9.7   0.108   0.041   0.021
 0.056   0.57    9.7  -0.214   1.891   0.014
 0.056   0.83   16.2   0.110   0.025   0.011
 0.056   1.16   16.2   0.132   0.063   0.010
 0.056   1.92   29.1   0.130   0.020   0.008
 0.063   0.40    9.7   0.078   0.043   0.022
 0.063   0.60    9.7  -0.024   0.177   0.014
 0.063   0.87   16.2   0.157   0.027   0.012
 0.063   1.26   16.2   0.052   0.046   0.009
 0.063   2.07   29.1   0.138   0.020   0.008
 0.063   2.69   29.1   1.138   0.833   0.009
 0.071   0.41    9.7   0.096   0.049   0.023
 0.071   0.64    9.7   0.064   0.077   0.014
 0.071   0.92   16.2   0.107   0.029   0.012
 0.071   1.36   16.2   0.144   0.041   0.009
 0.071   2.22   29.1   0.150   0.020   0.008
 0.071   2.91   29.1   0.324   0.121   0.010
 0.079   0.43    9.7   0.113   0.053   0.025
 0.079   0.69    9.7   0.164   0.053   0.014
 0.079   0.97   16.2   0.122   0.031   0.013
 0.079   1.47   16.2   0.135   0.039   0.009
 0.079   2.38   29.1   0.188   0.021   0.009
 0.079   3.17   29.1   0.209   0.057   0.010
 0.090   0.44    9.7   0.069   0.055   0.027
 0.090   0.74    9.7   0.145   0.043   0.014
 0.090   1.01   16.2   0.178   0.034   0.013
 0.090   1.58   16.2   0.196   0.037   0.009
 0.090   2.53   29.1   0.159   0.023   0.010
 0.090   3.48   29.1   0.157   0.040   0.010
 0.101   0.45    9.7   0.102   0.057   0.030
 0.101   0.78    9.7   0.138   0.040   0.014
 0.101   1.06   16.2   0.221   0.037   0.012
 0.101   1.69   16.2   0.184   0.037   0.009
 0.101   2.69   29.1   0.237   0.025   0.010
 0.101   3.79   29.1   0.196   0.033   0.010
 0.113   0.47    9.7   0.185   0.059   0.033
 0.113   0.82    9.7   0.191   0.040   0.015
 0.113   1.10   16.2   0.168   0.041   0.012
 0.113   1.80   16.2   0.208   0.037   0.009
 0.113   2.84   29.1   0.239   0.028   0.012
 0.113   4.11   29.1   0.225   0.031   0.010
 0.128   0.48    9.7   0.011   0.064   0.036
 0.128   0.86    9.7   0.135   0.041   0.015
 0.128   1.14   16.2   0.221   0.045   0.013
 0.128   1.91   16.2   0.234   0.037   0.010
 0.128   3.00   29.1   0.230   0.030   0.013
 0.128   4.44   29.1   0.237   0.030   0.010
 0.144   0.90    9.7   0.141   0.042   0.016
 0.144   1.18   16.2   0.222   0.049   0.013
 0.144   2.03   16.2   0.259   0.038   0.011
 0.144   3.15   29.1   0.213   0.033   0.014
 0.144   4.78   29.1   0.242   0.030   0.010
 0.162   0.93    9.7   0.212   0.043   0.017
 0.162   1.22   16.2   0.293   0.054   0.013
 0.162   2.14   16.2   0.237   0.040   0.012
 0.162   3.30   29.1   0.306   0.036   0.014
 0.162   5.13   29.1   0.272   0.030   0.010
 0.182   0.97    9.7   0.303   0.045   0.018
 0.182   1.25   16.2   0.239   0.060   0.014
 0.182   2.25   16.2   0.257   0.043   0.014
 0.182   3.45   29.1   0.313   0.040   0.014
 0.182   5.49   29.1   0.320   0.031   0.011
 0.205   1.00    9.7   0.253   0.048   0.017
 0.205   1.29   16.2   0.304   0.066   0.015
 0.205   2.36   16.2   0.301   0.046   0.015
 0.205   3.59   29.1   0.303   0.044   0.015
 0.205   5.86   29.1   0.371   0.032   0.012
 0.230   1.03    9.7   0.332   0.050   0.018
 0.230   1.32   16.2   0.255   0.073   0.017
 0.230   2.47   16.2   0.376   0.050   0.015
 0.230   3.73   29.1   0.389   0.049   0.015
 0.230   6.23   29.1   0.273   0.035   0.012
 0.259   1.35   16.2   0.236   0.082   0.018
 0.259   2.57   16.2   0.485   0.055   0.016
 0.259   3.85   29.1   0.384   0.055   0.016
 0.259   6.60   29.1   0.477   0.038   0.014
 0.292   1.37   16.2   0.340   0.091   0.020
 0.292   2.67   16.2   0.498   0.061   0.017
 0.292   3.98   29.1   0.361   0.063   0.017
 0.292   6.97   29.1   0.395   0.043   0.015
 0.329   2.76   16.2   0.419   0.068   0.021
 0.329   4.09   29.1   0.456   0.075   0.018
 0.329   7.33   29.1   0.418   0.048   0.020
 0.370   2.85   16.2   0.553   0.077   0.023
 0.370   4.20   29.1   0.362   0.089   0.020
 0.370   7.69   29.1   0.432   0.055   0.022
 0.416   2.93   16.2   0.529   0.087   0.020
 0.416   4.30   29.1   0.676   0.108   0.021
 0.416   8.03   29.1   0.597   0.065   0.021
 0.468   3.01   16.2   0.590   0.101   0.027
 0.468   4.40   29.1   0.713   0.136   0.022
 0.468   8.37   29.1   0.584   0.078   0.023
 0.526   4.47   29.1   0.731   0.169   0.022
 0.526   8.67   29.1   0.652   0.096   0.024
 0.592   4.55   29.1   0.382   0.217   0.021
 0.592   8.98   29.1   0.670   0.123   0.025
 0.666   9.26   29.1   0.478   0.165   0.026
 0.749   9.52   29.1   0.744   0.237   0.031

==========================================================                                            
</pre>

</body></html>
