EXPeriment      = SLAC-E-143                     
REACtion        = e- DEUT  --> e- X                               
Collaboration   = E143                      
Author          = Abe et al. 
REFerence       = SLAC-PUB-7753 (Feb 1998) 
                  submitted to Phys.Rev.D.
Additional info = Measurement of the spin-dependent structure function G1d of 
                  the deuteron in deep inelastic scattering polarised 
                  electrons at incident energies of 9.7, 16.2 and 
                  29.1 GeV on a polarised Ammonia target. Data cover the 
                  kinematical x range 0.024 to 0.75 and  Q**2 from  0.5
                  to 10 Gev**2;
                  This final data supersedes those given in previous papers
                  Phys.Rev.Lett.74(95)346, Phys.Lett.B364(95)61,
                  Phys.Rev.Lett.75(95)25, Phys.Rev.Lett.76(96)587 and
                  Phys.Rev.Lett.78(97)815.

=============================================================

  G1d at mean Q**2 (for Q**2 > 1 GeV**2 data)
  
  W**2 > 4 GeV**2  (DIS region)
  Additional normalisation uncertainty = 4.9%.

   x       x       x      Q**2      G1d       Errors     
  min     max     mean   GeV**2            stat     sys 
 
 0.029   0.033   0.031    1.27     0.150   0.147   0.030
 0.033   0.037   0.035    1.40     0.027   0.097   0.025
 0.037   0.042   0.039    1.52     0.191   0.080   0.021
 0.042   0.047   0.044    1.65    -0.036   0.068   0.017
 0.047   0.053   0.049    1.78    -0.034   0.059   0.013
 0.053   0.059   0.056    1.91     0.039   0.052   0.010
 0.059   0.067   0.063    2.04     0.027   0.045   0.008
 0.067   0.075   0.071    2.19     0.053   0.041   0.006
 0.075   0.084   0.079    2.41     0.039   0.037   0.005
 0.084   0.095   0.090    2.55     0.123   0.031   0.005
 0.095   0.107   0.101    2.85     0.082   0.029   0.004
 0.107   0.120   0.113    3.13     0.067   0.026   0.003
 0.120   0.136   0.128    3.41     0.135   0.024   0.004
 0.136   0.153   0.144    3.71     0.138   0.022   0.004
 0.153   0.172   0.162    4.03     0.075   0.021   0.003
 0.172   0.193   0.182    4.34     0.147   0.020   0.005
 0.193   0.218   0.205    4.15     0.070   0.017   0.005
 0.218   0.245   0.230    4.37     0.072   0.016   0.005
 0.245   0.276   0.259    5.26     0.049   0.017   0.004
 0.276   0.310   0.292    5.53     0.089   0.016   0.004
 0.310   0.349   0.329    6.01     0.091   0.015   0.004
 0.349   0.393   0.370    6.29     0.076   0.014   0.004
 0.393   0.442   0.416    6.56     0.045   0.013   0.003
 0.442   0.497   0.468    6.79     0.045   0.012   0.002
 0.497   0.559   0.526    7.72     0.043   0.011   0.002
 0.559   0.629   0.592    7.97     0.019   0.009   0.001
 0.629   0.708   0.666    9.26     0.008   0.007   0.001
 0.708   0.791   0.749    9.52     0.009   0.005   0.001

==============================================================================


The average values (a) A1d and (b) g1d as presented by the SLAC E143 collaboration as a function of x at the mean Q^2 values.

============================================================


  G1d at fixed Q**2 values of 2, 3 and % GeV**2.  
  Assumes G1d/F1d is indepenedent of Q**2.

  W**2 > 4 GeV**2  (DIS region)
  Additional normalisation uncertainty = 4.9%.

           (Q**2 = 2 GeV**2)       (Q**2 = 3 GeV**2)        (Q**2 = 5 GeV**2)
   x      G1d       Errors        G1d       Errors        G1d       Errors
                 stat     sys            stat     sys            stat     sys

 0.031   0.166   0.162   0.033   0.180   0.176   0.036   0.198   0.194   0.040    
 0.035   0.029   0.104   0.027   0.031   0.112   0.029   0.034   0.124   0.032    
 0.039   0.202   0.084   0.022   0.218   0.091   0.024   0.239   0.100   0.027    
 0.044  -0.038   0.071   0.017  -0.040   0.076   0.019  -0.044   0.083   0.020    
 0.049  -0.035   0.060   0.014  -0.037   0.064   0.014  -0.040   0.070   0.016    
 0.056   0.040   0.052   0.011   0.042   0.056   0.011   0.046   0.061   0.012    
 0.063   0.027   0.045   0.008   0.028   0.048   0.008   0.031   0.052   0.009    
 0.071   0.053   0.040   0.006   0.056   0.042   0.007   0.060   0.046   0.007    
 0.079   0.038   0.036   0.005   0.040   0.038   0.005   0.044   0.041   0.006    
 0.090   0.120   0.030   0.005   0.125   0.032   0.005   0.135   0.034   0.005    
 0.101   0.079   0.028   0.004   0.083   0.029   0.004   0.089   0.031   0.004    
 0.113   0.064   0.025   0.003   0.067   0.026   0.004   0.072   0.028   0.004    
 0.128   0.128   0.023   0.004   0.133   0.024   0.004   0.141   0.025   0.004    
 0.144   0.130   0.021   0.004   0.135   0.022   0.004   0.142   0.023   0.004    
 0.162   0.071   0.020   0.003   0.073   0.020   0.004   0.076   0.021   0.004    
 0.182   0.141   0.019   0.004   0.143   0.019   0.004   0.148   0.020   0.005    
 0.205   0.068   0.017   0.005   0.069   0.017   0.005   0.070   0.017   0.005    
 0.230   0.071   0.016   0.005   0.071   0.016   0.005   0.072   0.016   0.005    
 0.259   0.049   0.017   0.004   0.049   0.017   0.004   0.049   0.017   0.004    
 0.292   0.094   0.017   0.004   0.092   0.016   0.004   0.090   0.016   0.004    
 0.329   0.100   0.017   0.004   0.096   0.016   0.004   0.092   0.016   0.004    
 0.370   0.089   0.017   0.004   0.083   0.016   0.004   0.078   0.015   0.004    
 0.416   0.057   0.016   0.004   0.051   0.015   0.003   0.047   0.014   0.003    
 0.468   0.064   0.017   0.004   0.055   0.014   0.003   0.048   0.012   0.002    
 0.526   0.074   0.019   0.004   0.060   0.015   0.003   0.049   0.012   0.002    
 0.592   0.043   0.020   0.002   0.031   0.014   0.002   0.023   0.011   0.001    
 0.666   0.026   0.024   0.002   0.017   0.016   0.001   0.011   0.010   0.001    
 0.749   0.048   0.025   0.002   0.028   0.014   0.001   0.016   0.008   0.001    

==============================================================================

  Detailed results for G1d/F1d. 
  W**2 > 4 GeV**2 (DIS region)
  Additional normalisation uncertainty = 4.9%.
 
   x     Q**2     E   G1d/F1d      Errors
        GeV**2   GeV           stat     sys

 0.024   0.51   16.2  -0.048   0.068   0.009
 0.027   0.55   16.2  -0.018   0.065   0.009
 0.027   1.17   29.1  -0.058   0.092   0.009
 0.031   0.59   16.2   0.019   0.065   0.008
 0.031   1.27   29.1   0.041   0.040   0.008
 0.035   0.31    9.7  -0.027   0.055   0.008
 0.035   0.64   16.2  -0.015   0.062   0.007
 0.035   1.40   29.1   0.008   0.029   0.007
 0.039   0.33    9.7   0.035   0.053   0.008
 0.039   0.68   16.2   0.099   0.060   0.007
 0.039   1.52   29.1   0.062   0.026   0.007
 0.044   0.35    9.7   0.003   0.054   0.008
 0.044   0.73   16.2  -0.038   0.052   0.006
 0.044   0.98   16.2  -0.943   1.296   0.008
 0.044   1.65   29.1  -0.013   0.025   0.006
 0.049   0.36    9.7   0.055   0.057   0.008
 0.049   0.78   16.2   0.092   0.052   0.006
 0.049   1.06   16.2  -0.104   0.280   0.008
 0.049   1.78   29.1  -0.013   0.024   0.005
 0.056   0.38    9.7  -0.045   0.059   0.008
 0.056   0.57    9.7   2.992   2.465   0.007
 0.056   0.83   16.2   0.007   0.054   0.006
 0.056   1.16   16.2   0.091   0.153   0.007
 0.056   1.92   29.1   0.016   0.023   0.005
 0.063   0.40    9.7  -0.006   0.062   0.009
 0.063   0.60    9.7   0.221   0.252   0.007
 0.063   0.87   16.2   0.049   0.057   0.005
 0.063   1.26   16.2  -0.004   0.112   0.006
 0.063   2.07   29.1   0.014   0.023   0.004
 0.063   2.69   29.1  -0.446   2.060   0.006
 0.071   0.41    9.7   0.104   0.070   0.011
 0.071   0.64    9.7  -0.072   0.109   0.006
 0.071   0.92   16.2   0.064   0.061   0.005
 0.071   1.36   16.2   0.085   0.095   0.005
 0.071   2.22   29.1   0.025   0.023   0.004
 0.071   2.91   29.1   0.063   0.139   0.006
 0.079   0.43    9.7  -0.014   0.075   0.014
 0.079   0.69    9.7   0.029   0.078   0.006
 0.079   0.97   16.2  -0.043   0.066   0.005
 0.079   1.47   16.2  -0.119   0.088   0.005
 0.079   2.38   29.1   0.041   0.025   0.004
 0.079   3.17   29.1  -0.020   0.065   0.005
 0.090   0.44    9.7   0.031   0.078   0.018
 0.090   0.74    9.7  -0.028   0.062   0.007
 0.090   1.01   16.2   0.110   0.071   0.006
 0.090   1.58   16.2   0.209   0.085   0.004
 0.090   2.53   29.1   0.077   0.027   0.004
 0.090   3.48   29.1   0.057   0.045   0.004
 0.101   0.45    9.7   0.158   0.081   0.023
 0.101   0.78    9.7   0.039   0.058   0.007
 0.101   1.06   16.2   0.058   0.077   0.006
 0.101   1.69   16.2   0.098   0.083   0.004
 0.101   2.69   29.1   0.056   0.030   0.004
 0.101   3.79   29.1   0.067   0.038   0.004
 0.113   0.47    9.7  -0.008   0.086   0.027
 0.113   0.82    9.7   0.063   0.057   0.009
 0.113   1.10   16.2   0.054   0.083   0.007
 0.113   1.80   16.2   0.052   0.078   0.004
 0.113   2.84   29.1   0.082   0.033   0.005
 0.113   4.11   29.1   0.029   0.036   0.004
 0.128   0.48    9.7  -0.082   0.092   0.031
 0.128   0.86    9.7   0.146   0.059   0.010
 0.128   1.14   16.2   0.230   0.090   0.008
 0.128   1.91   16.2   0.037   0.077   0.005
 0.128   3.00   29.1   0.186   0.036   0.005
 0.128   4.44   29.1   0.077   0.035   0.004
 0.144   0.90    9.7   0.036   0.060   0.012
 0.144   1.18   16.2   0.200   0.099   0.009
 0.144   2.03   16.2   0.085   0.078   0.005
 0.144   3.15   29.1   0.132   0.039   0.006
 0.144   4.78   29.1   0.163   0.034   0.004
 0.162   0.93    9.7   0.117   0.063   0.014
 0.162   1.22   16.2  -0.107   0.108   0.011
 0.162   2.14   16.2   0.137   0.082   0.007
 0.162   3.30   29.1   0.128   0.044   0.007
 0.162   5.13   29.1   0.078   0.035   0.005
 0.182   0.97    9.7   0.095   0.067   0.015
 0.182   1.25   16.2   0.201   0.121   0.012
 0.182   2.25   16.2   0.236   0.087   0.008
 0.182   3.45   29.1   0.152   0.048   0.008
 0.182   5.49   29.1   0.222   0.036   0.006
 0.205   1.00    9.7   0.017   0.071   0.016
 0.205   1.29   16.2   0.211   0.135   0.014
 0.205   2.36   16.2   0.116   0.094   0.009
 0.205   3.59   29.1   0.150   0.054   0.009
 0.205   5.86   29.1   0.107   0.038   0.007
 0.230   1.03    9.7   0.175   0.075   0.017
 0.230   1.32   16.2   0.086   0.150   0.015
 0.230   2.47   16.2   0.112   0.104   0.010
 0.230   3.73   29.1   0.066   0.062   0.010
 0.230   6.23   29.1   0.153   0.042   0.009
 0.259   1.35   16.2   0.130   0.169   0.015
 0.259   2.57   16.2   0.121   0.114   0.012
 0.259   3.85   29.1   0.089   0.071   0.011
 0.259   6.60   29.1   0.105   0.046   0.010
 0.292   1.37   16.2   0.385   0.192   0.015
 0.292   2.67   16.2   0.359   0.126   0.013
 0.292   3.98   29.1   0.205   0.082   0.013
 0.292   6.97   29.1   0.202   0.053   0.012
 0.329   2.76   16.2   0.533   0.142   0.017
 0.329   4.09   29.1   0.317   0.097   0.014
 0.329   7.33   29.1   0.227   0.060   0.013
 0.370   2.85   16.2   0.135   0.161   0.014
 0.370   4.20   29.1   0.319   0.118   0.016
 0.370   7.69   29.1   0.325   0.070   0.015
 0.416   2.93   16.2   0.204   0.186   0.014
 0.416   4.30   29.1   0.295   0.145   0.017
 0.416   8.03   29.1   0.216   0.083   0.017
 0.468   3.01   16.2   0.669   0.216   0.013
 0.468   4.40   29.1   0.037   0.185   0.017
 0.468   8.37   29.1   0.328   0.102   0.019
 0.526   4.47   29.1   0.375   0.237   0.015
 0.526   8.67   29.1   0.478   0.129   0.020
 0.592   4.55   29.1   0.310   0.310   0.012
 0.592   8.98   29.1   0.325   0.168   0.021
 0.666   9.26   29.1   0.251   0.226   0.019
 0.749   9.52   29.1   0.646   0.331   0.033
