**************************************************************************
These are published data of the HERMES Collaboration. You are free to
use these data in any publication. However, you must make a reference
to the following publication: A. Airapetian et al, Phys. Rev D 71
(2005) 012003 [DC42]
**************************************************************************

*-----------------------------------------------------------------------------
*
Asymmetries (avg by addAM)
* *
* Files:
* 97c1-2003.07.15/full.mcstats/A1.born.txt
* 96c2-2003.07.15/full.mcstats/A1.born.txt
*
* Date: Fri Jul 18 14:59:44 2003
* JW (juergen@triumf.ca)
*------------------------------------------------------------------------------
*
*
*
e *year type xbi ybi zbi &lt;x&gt; &lt;y&gt; &lt;z&gt; &lt;Q2&gt;
&lt;eta&gt; &lt;gamma&gt; &lt;D&gt; A dAstat dAsys dMCstat -1 10 1 1 1
0.00000 0.00000 0.0000 0.0000 0.000000 0.000000 0.000000 0.000000
0.000000 0.000000 0.000000 -1 10 2 1 1 0.00000 0.00000 0.0000 0.0000
0.000000 0.000000 0.000000 0.000000 0.000000 0.000000 0.000000 -1 10 3
1 1 0.00000 0.00000 0.0000 0.0000 0.000000 0.000000 0.000000 0.000000
0.000000 0.000000 0.000000 -1 10 4 1 1 0.03341 0.70500 0.0000 1.2186
0.2580000E-01 0.5680000E-01 0.7019897 0.9960154E-01 0.1758144E-01
0.9148829E-02 0.3717058E-02 -1 10 5 1 1 0.04758 0.58771 0.0000 1.4467
0.4325266E-01 0.7425266E-01 0.5693733 0.1102353 0.1746275E-01
0.9313265E-02 0.4287512E-02 -1 10 6 1 1 0.06487 0.50129 0.0000 1.6824
0.6227658E-01 0.9387659E-01 0.4761809 0.1131097 0.1808423E-01
0.8774541E-02 0.4992435E-02 -1 10 7 1 1 0.08716 0.42878 0.0000 1.9335
0.8518183E-01 0.1176291 0.4022381 0.1941304 0.2084681E-01 0.1434760E-01
0.6270072E-02 -1 10 8 1 1 0.11829 0.38237 0.0000 2.3400 0.1102528
0.1450764 0.3613125 0.2366359 0.2046583E-01 0.1775242E-01 0.6110684E-02
-1 10 9 1 1 0.16625 0.36741 0.0000 3.1602 0.1350235 0.1755235 0.3605765
0.2819248 0.2160333E-01 0.2081881E-01 0.5430008E-02 -1 10 10 1 1
0.24022 0.36527 0.0000 4.5397 0.1626000 0.2116000 0.3768760 0.3853970
0.2390511E-01 0.2828508E-01 0.4493935E-02 -1 10 11 1 1 0.33953 0.37357
0.0000 6.5623 0.1887035 0.2487276 0.4027896 0.4759796 0.4298960E-01
0.3437223E-01 0.5396559E-02 -1 10 12 1 1 0.44744 0.39657 0.0000 9.1803
0.2043789 0.2771516 0.4423085 0.6101760 0.7495849E-01 0.4667089E-01
0.5947033E-02
* h+ *year type xbi ybi zbi &lt;x&gt; &lt;y&gt; &lt;z&gt; &lt;Q2&gt;
&lt;eta&gt; &lt;gamma&gt; &lt;D&gt; A dAstat dAsys dMCstat -1 20 1 1 1
0.00000 0.00000 0.0000 0.0000 0.000000 0.000000 0.000000 0.000000
0.000000 0.000000 0.000000 -1 20 2 1 1 0.00000 0.00000 0.0000 0.0000
0.000000 0.000000 0.000000 0.000000 0.000000 0.000000 0.000000 -1 20 3
1 1 0.00000 0.00000 0.0000 0.0000 0.000000 0.000000 0.000000 0.000000
0.000000 0.000000 0.000000 -1 20 4 1 1 0.03353 0.69987 0.3565 1.2141
0.2630000E-01 0.5710000E-01 0.6959695 0.1096994 0.2990027E-01
0.7747734E-02 0.6741096E-02 -1 20 5 1 1 0.04757 0.58558 0.3751 1.4412
0.4343130E-01 0.7435420E-01 0.5668412 0.1639501 0.3156468E-01
0.1132619E-01 0.7480802E-02 -1 20 6 1 1 0.06470 0.51263 0.3863 1.7158
0.6052260E-01 0.9272260E-01 0.4896192 0.1361457 0.3288560E-01
0.9572039E-02 0.8279044E-02 -1 20 7 1 1 0.08686 0.45829 0.3926 2.0595
0.7950711E-01 0.1135536 0.4370807 0.2074511 0.3699260E-01 0.1465512E-01
0.9546039E-02 -1 20 8 1 1 0.11787 0.42367 0.3946 2.5838 0.1000531
0.1376531 0.4108346 0.3011144 0.3560051E-01 0.2122143E-01 0.8834801E-02
-1 20 9 1 1 0.16577 0.41094 0.3904 3.5244 0.1219037 0.1657102 0.4145620
0.2851335 0.3840898E-01
0.2086926E-01 0.8202984E-02 -1 20 10 1 1 0.23899 0.40697 0.3883 5.0319
0.1472718 0.1998958 0.4297761 0.4222764 0.4558393E-01 0.2922181E-01
0.7454370E-02 -1 20 11 1 1 0.33824 0.40514 0.3769 7.0895 0.1750762
0.2383525 0.4434050 0.4046122 0.9136600E-01 0.2913408E-01 0.1011666E-01
-1 20 12 1 1 0.44787 0.42101 0.3642 9.7553 0.1933382 0.2690613
0.4742388 0.7585732 0.1755590 0.5187415E-01 0.1222333E-01
* h- *year type xbi ybi zbi &lt;x&gt; &lt;y&gt; &lt;z&gt; &lt;Q2&gt;
&lt;eta&gt; &lt;gamma&gt; &lt;D&gt; A dAstat dAsys dMCstat -1 21 1 1 1
0.00000 0.00000 0.0000 0.0000 0.000000 0.000000 0.000000 0.000000
0.000000 0.000000 0.000000 -1 21 2 1 1 0.00000 0.00000 0.0000 0.0000
0.000000 0.000000 0.000000 0.000000 0.000000 0.000000 0.000000 -1 21 3
1 1 0.00000 0.00000 0.0000 0.0000 0.000000 0.000000 0.000000 0.000000
0.000000 0.000000 0.000000 -1 21 4 1 1 0.03340 0.70259 0.3419 1.2140
0.2602287E-01 0.5690000E-01 0.6990799 0.7241642E-01 0.3412179E-01
0.5435127E-02 0.7327173E-02 -1 21 5 1 1 0.04751 0.58976 0.3634 1.4495
0.4293054E-01 0.7405369E-01 0.5718178 0.1262050 0.3648482E-01
0.8704077E-02 0.8455294E-02 -1 21 6 1 1 0.06463 0.51868 0.3726 1.7343
0.5964630E-01 0.9212315E-01 0.4967916 0.9005440E-01 0.3824825E-01
0.5658298E-02 0.9369271E-02 -1 21 7 1 1 0.08677 0.46695 0.3776 2.0961
0.7787640E-01 0.1124764 0.4474764 0.9526262E-01 0.4419916E-01
0.6572403E-02 0.1114654E-01 -1 21 8 1 1 0.11780 0.43254 0.3774 2.6362
0.9807063E-01 0.1361706 0.4216704 0.1860156 0.4449706E-01 0.1346422E-01
0.1088596E-01 -1 21 9 1 1 0.16544 0.42279 0.3738 3.6187 0.1185000
0.1632000 0.4293845 0.1769622 0.4981435E-01 0.1269867E-01 0.1044605E-01
-1 21 10 1 1 0.23833 0.41520 0.3673 5.1196 0.1443062 0.1976820
0.4402149 0.2360201 0.6391932E-01 0.1648320E-01 0.1059790E-01 -1 21 11
1 1 0.33893 0.41200 0.3608 7.2245 0.1725300 0.2366300 0.4523568
0.5695581 0.1338724 0.3874779E-01 0.1572203E-01 -1 21 12 1 1 0.44689
0.41340 0.3665 9.5583 0.1965273 0.2712306 0.4641739 0.4956764 0.2715050
0.3408260E-01 0.2314766E-01
* pi+ *year type xbi ybi zbi &lt;x&gt; &lt;y&gt; &lt;z&gt; &lt;Q2&gt;
&lt;eta&gt; &lt;gamma&gt; &lt;D&gt; A dAstat dAsys dMCstat -1 30 1 1 1
0.00000 0.00000 0.0000 0.0000 0.000000 0.000000 0.000000 0.000000
0.000000 0.000000 0.000000 -1 30 2 1 1 0.00000 0.00000 0.0000 0.0000
0.000000 0.000000 0.000000 0.000000 0.000000 0.000000 0.000000 -1 30 3
1 1 0.00000 0.00000 0.0000 0.0000 0.000000 0.000000 0.000000 0.000000
0.000000 0.000000 0.000000 -1 30 4 1 1 0.03325 0.71008 0.3640 1.2216
0.2532305E-01 0.5650000E-01 0.7079156 0.8004820E-01 0.3527049E-01
0.5838879E-02 0.7728051E-02 -1 30 5 1 1 0.04737 0.61130 0.4161 1.4982
0.4053235E-01 0.7263235E-01 0.5975540 0.1336354 0.3873095E-01
0.9085013E-02 0.8764972E-02 -1 30 6 1 1 0.06431 0.56165 0.4490 1.8686
0.5362251E-01 0.8832251E-01 0.5485550 0.8288434E-01 0.4079631E-01
0.6735702E-02 0.9297797E-02 -1 30 7 1 1 0.08653 0.53064 0.4706 2.3756
0.6698777E-01 0.1053585 0.5255271 0.2311872 0.4588386E-01 0.1573071E-01
0.1021853E-01 -1 30 8 1 1 0.11776 0.50613 0.4873 3.0835 0.8272309E-01
0.1258231 0.5138229 0.3162614 0.4575191E-01 0.2123104E-01 0.9331339E-02
-1 30 9 1 1 0.16563 0.49275 0.4903 4.2224 0.1009812 0.1512132 0.5190810
0.3017329 0.5253995E-01 0.2011067E-01 0.8999586E-02 -1 30 10 1 1
0.23788 0.47399 0.5038 5.8334 0.1259537 0.1847768 0.5163777 0.2784496
0.6950018E-01 0.1966502E-01 0.9240670E-02 -1 30 11 1 1 0.33733 0.45674
0.5060 7.9711 0.1552801 0.2241801 0.5104886 0.5566009 0.1529603
0.3725020E-01 0.1384373E-01

-1 30 12 1 1 0.44868 0.45173 0.4961 10.4859 0.1802338 0.2600338
0.5143855 0.8650813 0.3184879 0.5577665E-01 0.1754793E-01
* pi- *year type xbi ybi zbi &lt;x&gt; &lt;y&gt; &lt;z&gt; &lt;Q2&gt;
&lt;eta&gt; &lt;gamma&gt; &lt;D&gt; A dAstat dAsys dMCstat -1 31 1 1 1
0.00000 0.00000 0.0000 0.0000 0.000000 0.000000 0.000000 0.000000
0.000000 0.000000 0.000000 -1 31 2 1 1 0.00000 0.00000 0.0000 0.0000
0.000000 0.000000 0.000000 0.000000 0.000000 0.000000 0.000000 -1 31 3
1 1 0.00000 0.00000 0.0000 0.0000 0.000000 0.000000 0.000000 0.000000
0.000000 0.000000 0.000000 -1 31 4 1 1 0.03312 0.71290 0.3536 1.2216
0.2502252E-01 0.5620000E-01 0.7111072 0.6750616E-01 0.3878410E-01
0.5252656E-02 0.8102683E-02 -1 31 5 1 1 0.04732 0.61651 0.4101 1.5094
0.3996210E-01 0.7230806E-01 0.6037871 0.1449847 0.4314413E-01
0.9522576E-02 0.9210197E-02 -1 31 6 1 1 0.06434 0.56514 0.4412 1.8812
0.5312313E-01 0.8802312E-01 0.5528463 0.6486745E-01 0.4606655E-01
0.3892390E-02 0.9979865E-02 -1 31 7 1 1 0.08656 0.53154 0.4620 2.3803
0.6682321E-01 0.1053000 0.5266680 0.7141430E-01 0.5359578E-01
0.4727123E-02 0.1094427E-01 -1 31 8 1 1 0.11744 0.51173 0.4727 3.1093
0.8147397E-01 0.1250055 0.5207617 0.7540574E-01 0.5471921E-01
0.5702137E-02 0.1006418E-01 -1 31 9 1 1 0.16490 0.49687 0.4759 4.2391
0.9973220E-01 0.1503000 0.5241329 0.1571912 0.6454011E-01 0.1052413E-01
0.1018704E-01 -1 31 10 1 1 0.23752 0.47768 0.4848 5.8700 0.1247662
0.1839616 0.5211019 0.2695605 0.8890200E-01 0.1867276E-01 0.1077088E-01
-1 31 11 1 1 0.33808 0.45461 0.4847 7.9514 0.1562177 0.2250191
0.5078031 0.3461368 0.1995052 0.2331256E-01 0.1771355E-01 -1 31 12 1 1
0.44966 0.43559 0.5148 10.1334 0.1872943 0.2650734 0.4933783 0.4489577
0.4342563 0.3519771E-01 0.2703699E-01
* K+ *year type xbi ybi zbi &lt;x&gt; &lt;y&gt; &lt;z&gt; &lt;Q2&gt;
&lt;eta&gt; &lt;gamma&gt; &lt;D&gt; A dAstat dAsys dMCstat -1 40 1 1 1
0.00000 0.00000 0.0000 0.0000 0.000000 0.000000 0.000000 0.000000
0.000000 0.000000 0.000000 -1 40 2 1 1 0.00000 0.00000 0.0000 0.0000
0.000000 0.000000 0.000000 0.000000 0.000000 0.000000 0.000000 -1 40 3
1 1 0.00000 0.00000 0.0000 0.0000 0.000000 0.000000 0.000000 0.000000
0.000000 0.000000 0.000000 -1 40 4 1 1 0.00000 0.00000 0.0000 0.0000
0.000000 0.000000 0.000000 0.000000 0.000000 0.000000 0.000000 -1 40 5
1 1 0.00000 0.00000 0.0000 0.0000 0.000000 0.000000 0.000000 0.000000
0.000000 0.000000 0.000000 -1 40 6 1 1 0.00000 0.00000 0.0000 0.0000
0.000000 0.000000 0.000000 0.000000 0.000000 0.000000 0.000000 -1 40 7
1 1 0.00000 0.00000 0.0000 0.0000 0.000000 0.000000 0.000000 0.000000
0.000000 0.000000 0.000000 -1 40 8 1 1 0.00000 0.00000 0.0000 0.0000
0.000000 0.000000 0.000000 0.000000 0.000000 0.000000 0.000000 -1 40 9
1 1 0.00000 0.00000 0.0000 0.0000 0.000000 0.000000 0.000000 0.000000
0.000000 0.000000 0.000000 -1 40 10 1 1 0.00000 0.00000 0.0000 0.0000
0.000000 0.000000 0.000000 0.000000 0.000000 0.000000 0.000000 -1 40 11
1 1 0.00000 0.00000 0.0000 0.0000 0.000000 0.000000 0.000000 0.000000
0.000000 0.000000 0.000000 -1 40 12 1 1 0.00000 0.00000 0.0000 0.0000
0.000000 0.000000 0.000000 0.000000 0.000000 0.000000 0.000000 * K-
*year type xbi ybi zbi &lt;x&gt; &lt;y&gt; &lt;z&gt; &lt;Q2&gt;
&lt;eta&gt; &lt;gamma&gt; &lt;D&gt; A dAstat dAsys dMCstat -1 41 1 1 1
0.00000 0.00000 0.0000 0.0000 0.000000 0.000000
0.000000 0.000000 0.000000 0.000000 0.000000 -1 41 2 1 1 0.00000
0.00000 0.0000 0.0000 0.000000 0.000000 0.000000 0.000000 0.000000
0.000000 0.000000 -1 41 3 1 1 0.00000 0.00000 0.0000 0.0000 0.000000
0.000000 0.000000 0.000000 0.000000 0.000000 0.000000 -1 41 4 1 1
0.00000 0.00000 0.0000 0.0000 0.000000 0.000000 0.000000 0.000000
0.000000 0.000000 0.000000 -1 41 5 1 1 0.00000 0.00000 0.0000 0.0000
0.000000 0.000000 0.000000 0.000000 0.000000 0.000000 0.000000 -1 41 6
1 1 0.00000 0.00000 0.0000 0.0000 0.000000 0.000000 0.000000 0.000000
0.000000 0.000000 0.000000 -1 41 7 1 1 0.00000 0.00000 0.0000 0.0000
0.000000 0.000000 0.000000 0.000000 0.000000 0.000000 0.000000 -1 41 8
1 1 0.00000 0.00000 0.0000 0.0000 0.000000 0.000000 0.000000 0.000000
0.000000 0.000000 0.000000 -1 41 9 1 1 0.00000 0.00000 0.0000 0.0000
0.000000 0.000000 0.000000 0.000000 0.000000 0.000000 0.000000 -1 41 10
1 1 0.00000 0.00000 0.0000 0.0000 0.000000 0.000000 0.000000 0.000000
0.000000 0.000000 0.000000 -1 41 11 1 1 0.00000 0.00000 0.0000 0.0000
0.000000 0.000000 0.000000 0.000000 0.000000 0.000000 0.000000 -1 41 12
1 1 0.00000 0.00000 0.0000 0.0000 0.000000 0.000000 0.000000 0.000000
0.000000 0.000000 0.000000 * pi+ *year type xbi ybi zbi &lt;x&gt;
&lt;y&gt; &lt;z&gt; &lt;Q2&gt; &lt;eta&gt; &lt;gamma&gt; &lt;D&gt; A
dAstat dAsys dMCstat -1 32 1 1 1 0.00000 0.00000 0.0000 0.0000 0.000000
0.000000 0.000000 0.000000 0.000000 0.000000 0.000000 -1 32 2 1 1
0.00000 0.00000 0.0000 0.0000 0.000000 0.000000 0.000000 0.000000
0.000000 0.000000 0.000000 -1 32 3 1 1 0.00000 0.00000 0.0000 0.0000
0.000000 0.000000 0.000000 0.000000 0.000000 0.000000 0.000000 -1 32 4
1 1 0.03319 0.71132 0.3594 1.2216 0.2520000E-01 0.5640000E-01 0.7093278
0.1124230 0.2271062 0.5570808E-02 0.1048883 -1 32 5 1 1 0.04736 0.61347
0.4135 1.5031 0.4031834E-01 0.7251833E-01 0.6001370 0.6803783E-01
0.2027140 0.5075121E-02 0.8446385E-01 -1 32 6 1 1 0.06432 0.56308
0.4456 1.8736 0.5341959E-01 0.8821959E-01 0.5503000 0.5816030E-01
0.2008018 0.9408652E-02 0.7336280E-01 -1 32 7 1 1 0.08654 0.53100
0.4671 2.3774 0.6698525E-01 0.1053312 0.5259492 0.5383779 0.2015506
0.3439645E-01 0.6703010E-01 -1 32 8 1 1 0.11762 0.50847 0.4815 3.0942
0.8221546E-01 0.1254924 0.5166842 0.7534311 0.1783659 0.4655220E-01
0.4792520E-01 -1 32 9 1 1 0.16535 0.49437 0.4848 4.2292 0.1004993
0.1508745 0.5210778 0.5683576 0.1918580 0.3485877E-01 0.3838405E-01 -1
32 10 1 1 0.23775 0.47537 0.4969 5.8472 0.1254727 0.1845151 0.5181575
0.2831117 0.2276852 0.2007972E-01 0.3553436E-01 -1 32 11 1 1 0.33788
0.45476 0.4964 7.9495 0.1561007 0.2249172 0.5079187 0.6400397 0.5810012
0.3330193E-01 0.4681895E-01 -1 32 12 1 1 0.44942 0.44529 0.5036 10.3536
0.1830986 0.2620988 0.5060023 2.033121 1.016704 0.1194940 0.3881657E-01
* K+ +
*year type xbi ybi zbi &lt;x&gt; &lt;y&gt; &lt;z&gt; &lt;Q2&gt;
&lt;eta&gt; &lt;gamma&gt; &lt;D&gt; A dAstat dAsys dMCstat -1 44 1 1 1
0.00000 0.00000 0.0000 0.0000 0.000000 0.000000 0.000000 0.000000
0.000000 0.000000 0.000000 -1 44 2 1 1 0.00000 0.00000 0.0000 0.0000
0.000000 0.000000 0.000000 0.000000 0.000000 0.000000 0.000000 -1 44 3
1 1 0.00000 0.00000 0.0000 0.0000 0.000000 0.000000 0.000000 0.000000
0.000000 0.000000 0.000000 -1 44 4 1 1 0.00000 0.00000 0.0000 0.0000
0.000000 0.000000 0.000000 0.000000 0.000000 0.000000 0.000000 -1 44 5
1 1 0.00000 0.00000 0.0000 0.0000 0.000000 0.000000 0.000000 0.000000
0.000000 0.000000 0.000000 -1 44 6 1 1 0.00000 0.00000 0.0000 0.0000
0.000000 0.000000 0.000000 0.000000 0.000000 0.000000 0.000000 -1 44 7
1 1 0.00000 0.00000 0.0000 0.0000 0.000000 0.000000 0.000000 0.000000
0.000000 0.000000 0.000000 -1 44 8 1 1 0.00000 0.00000 0.0000 0.0000
0.000000 0.000000 0.000000 0.000000 0.000000 0.000000 0.000000 -1 44 9
1 1 0.00000 0.00000 0.0000 0.0000 0.000000 0.000000 0.000000 0.000000
0.000000 0.000000 0.000000 -1 44 10 1 1 0.00000 0.00000 0.0000 0.0000
0.000000 0.000000 0.000000 0.000000 0.000000 0.000000 0.000000 -1 44 11
1 1 0.00000 0.00000 0.0000 0.0000 0.000000 0.000000 0.000000 0.000000
0.000000 0.000000 0.000000 -1 44 12 1 1 0.00000 0.00000 0.0000 0.0000
0.000000 0.000000 0.000000 0.000000 0.000000 0.000000 0.000000 * h+ +
*year type xbi ybi zbi &lt;x&gt; &lt;y&gt; &lt;z&gt; &lt;Q2&gt;
&lt;eta&gt; &lt;gamma&gt; &lt;D&gt; A dAstat dAsys dMCstat -1 24 1 1 1
0.00000 0.00000 0.0000 0.0000 0.000000 0.000000 0.000000 0.000000
0.000000 0.000000 0.000000 -1 24 2 1 1 0.00000 0.00000 0.0000 0.0000
0.000000 0.000000 0.000000 0.000000 0.000000 0.000000 0.000000 -1 24 3
1 1 0.00000 0.00000 0.0000 0.0000 0.000000 0.000000 0.000000 0.000000
0.000000 0.000000 0.000000 -1 24 4 1 1 0.03348 0.70102 0.3505 1.2143
0.2620000E-01 0.5700000E-01 0.6973078 0.8571011E-01 0.2063683E-01
0.5646079E-02 0.4918308E-02 -1 24 5 1 1 0.04755 0.58736 0.3706 1.4448
0.4323100E-01 0.7425400E-01 0.5688900 0.1339097 0.2177544E-01
0.8519064E-02 0.5620673E-02 -1 24 6 1 1 0.06467 0.51517 0.3813 1.7236
0.6014562E-01 0.9242281E-01 0.4926175 0.1080479 0.2325877E-01
0.6463538E-02 0.6162607E-02 -1 24 7 1 1 0.08683 0.46162 0.3872 2.0737
0.7885326E-01 0.1131533 0.4410739 0.1554218 0.2730908E-01 0.9645521E-02
0.7300885E-02 -1 24 8 1 1 0.11784 0.42691 0.3887 2.6027 0.9930000E-01
0.1370765 0.4148235 0.2556188 0.2766328E-01 0.1665554E-01 0.6952393E-02
-1 24 9 1 1 0.16565 0.41497 0.3848 3.5564 0.1207860 0.1648395 0.4195861
0.2526138 0.3119468E-01 0.1679669E-01 0.6436124E-02 -1 24 10 1 1
0.23878 0.40962 0.3817 5.0602 0.1462760 0.1992000 0.4331721 0.3777015
0.3871556E-01 0.2430422E-01 0.6104058E-02 -1 24 11 1 1 0.33843 0.40726
0.3721 7.1307 0.1742764 0.2378528 0.4462000 0.4803666 0.7901157E-01
0.3113250E-01 0.8594508E-02 -1 24 12 1 1 0.44750 0.41853 0.3650 9.6898
0.1943139 0.2697535 0.4708842 0.7086772 0.1541455 0.4546849E-01
0.1069699E-01
*
*-----------------------------------------------------------------------------
*
*
Targets:
* 1 - proton
* 2 - neutron
* 3 - deuterium
* 4 - helium3
*
* Asymmetry types:
* 10 - DIS e
* 20 - h+ * 21 - h- * 22 - (h+ - h-) * 30 - pi+ * 31 - pi- * 32 - (pi+
- pi-) * 40 - K+ * 41 - K- * 42 - (K+ - K-) * 43 - K0s
* 50 - p * 51 - p_bar * 52 - (p - p_bar) * 60 - non-pion+ * 61 -
non-pion- * 62 - (non-pion+ - non-pion-)
*
*--------------------- EOF
---------------------------------------------------
