 1  1 0.1000E+01
 1  2 -.1498E+00
 1  3 0.6657E-02
 1  4 -.3471E-02
 1  5 -.2870E-02
 1  6 0.1363E-02
 1  7 -.3172E-02
 1  8 0.9656E-03
 1  9 -.1191E-02
 1 10 0.0000E+00
 1 11 -.4167E-02
 1 12 0.0000E+00
 1 13 -.1017E-02
 1 14 0.0000E+00
 1 15 0.0000E+00
 1 16 -.9540E-03
 1 17 0.0000E+00
 1 18 0.0000E+00
 1 19 -.1682E-02
 1 20 0.0000E+00
 1 21 0.0000E+00
 1 22 0.0000E+00
 1 23 0.0000E+00
 1 24 0.0000E+00
 1 25 -.1641E-02
 1 26 0.0000E+00
 1 27 0.0000E+00
 1 28 0.8638E-03
 1 29 0.0000E+00
 1 30 0.0000E+00
 1 31 -.1487E-02
 1 32 0.0000E+00
 1 33 0.0000E+00
 1 34 0.6238E-03
 1 35 0.0000E+00
 1 36 0.0000E+00
 1 37 -.4750E-03
 1 38 0.4992E-03
 1 39 0.0000E+00
 1 40 -.9808E-03
 1 41 -.8137E-03
 1 42 0.0000E+00
 1 43 0.1050E-02
 1 44 0.1414E-03
 1 45 0.0000E+00
 2  1 -.1498E+00
 2  2 0.1000E+01
 2  3 -.1864E+00
 2  4 0.3307E-02
 2  5 -.1435E-01
 2  6 0.3895E-02
 2  7 -.6798E-02
 2  8 0.0000E+00
 2  9 -.4255E-02
 2 10 0.0000E+00
 2 11 -.1191E-01
 2 12 0.0000E+00
 2 13 -.1453E-02
 2 14 0.0000E+00
 2 15 0.0000E+00
 2 16 -.1363E-02
 2 17 0.0000E+00
 2 18 0.0000E+00
 2 19 -.1202E-02
 2 20 0.0000E+00
 2 21 0.0000E+00
 2 22 0.0000E+00
 2 23 0.0000E+00
 2 24 0.0000E+00
 2 25 -.7816E-03
 2 26 0.0000E+00
 2 27 0.0000E+00
 2 28 0.6171E-03
 2 29 0.0000E+00
 2 30 0.0000E+00
 2 31 -.1594E-02
 2 32 0.0000E+00
 2 33 0.0000E+00
 2 34 0.8913E-03
 2 35 0.9879E-03
 2 36 0.0000E+00
 2 37 -.1696E-02
 2 38 0.0000E+00
 2 39 0.0000E+00
 2 40 0.7007E-03
 2 41 0.7750E-03
 2 42 0.0000E+00
 2 43 -.1038E-02
 2 44 -.2021E-03
 2 45 0.0000E+00
 3  1 0.6657E-02
 3  2 -.1864E+00
 3  3 0.1000E+01
 3  4 -.2256E+00
 3  5 -.6505E-02
 3  6 0.6179E-02
 3  7 -.1917E-01
 3  8 0.2918E-02
 3  9 -.9902E-02
 3 10 0.1839E-02
 3 11 -.4093E-01
 3 12 0.2429E-02
 3 13 0.1537E-02
 3 14 -.1754E-02
 3 15 0.0000E+00
 3 16 -.1442E-02
 3 17 -.1848E-02
 3 18 0.0000E+00
 3 19 0.0000E+00
 3 20 0.0000E+00
 3 21 0.0000E+00
 3 22 -.1053E-02
 3 23 0.0000E+00
 3 24 0.0000E+00
 3 25 0.0000E+00
 3 26 0.0000E+00
 3 27 0.0000E+00
 3 28 -.6527E-03
 3 29 0.0000E+00
 3 30 0.0000E+00
 3 31 0.0000E+00
 3 32 0.0000E+00
 3 33 0.0000E+00
 3 34 0.0000E+00
 3 35 0.0000E+00
 3 36 0.0000E+00
 3 37 0.0000E+00
 3 38 0.0000E+00
 3 39 0.0000E+00
 3 40 -.4941E-03
 3 41 0.1230E-02
 3 42 0.0000E+00
 3 43 -.1708E-02
 3 44 -.2137E-03
 3 45 0.0000E+00
 4  1 -.3471E-02
 4  2 0.3307E-02
 4  3 -.2256E+00
 4  4 0.1000E+01
 4  5 -.2318E+00
 4  6 -.2685E-02
 4  7 0.9374E-02
 4  8 0.2536E-02
 4  9 -.1643E-01
 4 10 0.1598E-02
 4 11 -.4378E-01
 4 12 0.0000E+00
 4 13 0.1336E-02
 4 14 -.3049E-02
 4 15 0.0000E+00
 4 16 0.0000E+00
 4 17 -.1606E-02
 4 18 0.0000E+00
 4 19 -.1105E-02
 4 20 -.1630E-02
 4 21 0.0000E+00
 4 22 0.0000E+00
 4 23 0.0000E+00
 4 24 0.0000E+00
 4 25 0.0000E+00
 4 26 0.0000E+00
 4 27 0.0000E+00
 4 28 -.1702E-02
 4 29 -.1347E-02
 4 30 0.0000E+00
 4 31 0.1953E-02
 4 32 0.1137E-02
 4 33 0.0000E+00
 4 34 -.2458E-02
 4 35 -.9081E-03
 4 36 0.0000E+00
 4 37 0.1559E-02
 4 38 0.0000E+00
 4 39 0.0000E+00
 4 40 0.0000E+00
 4 41 0.1781E-02
 4 42 0.0000E+00
 4 43 -.2651E-02
 4 44 -.1857E-03
 4 45 0.0000E+00
 5  1 -.2870E-02
 5  2 -.1435E-01
 5  3 -.6505E-02
 5  4 -.2318E+00
 5  5 0.1000E+01
 5  6 -.1287E+00
 5  7 -.2596E+00
 5  8 0.6290E-02
 5  9 0.1940E-01
 5 10 0.0000E+00
 5 11 -.7040E-01
 5 12 0.0000E+00
 5 13 -.1656E-02
 5 14 -.1890E-02
 5 15 0.1152E-02
 5 16 -.3107E-02
 5 17 -.1992E-02
 5 18 0.1358E-02
 5 19 0.0000E+00
 5 20 0.0000E+00
 5 21 0.0000E+00
 5 22 -.2269E-02
 5 23 -.1983E-02
 5 24 0.0000E+00
 5 25 0.0000E+00
 5 26 0.0000E+00
 5 27 0.0000E+00
 5 28 0.0000E+00
 5 29 0.0000E+00
 5 30 0.0000E+00
 5 31 -.1816E-02
 5 32 0.0000E+00
 5 33 0.0000E+00
 5 34 0.5079E-03
 5 35 0.1126E-02
 5 36 0.0000E+00
 5 37 -.1160E-02
 5 38 0.0000E+00
 5 39 0.0000E+00
 5 40 -.5324E-03
 5 41 0.8834E-03
 5 42 0.0000E+00
 5 43 -.1315E-02
 5 44 -.2303E-03
 5 45 0.0000E+00
 6  1 0.1363E-02
 6  2 0.3895E-02
 6  3 0.6179E-02
 6  4 -.2685E-02
 6  5 -.1287E+00
 6  6 0.1000E+01
 6  7 -.9201E-02
 6  8 -.1755E+00
 6  9 -.6451E-02
 6 10 0.1788E-01
 6 11 -.3223E-01
 6 12 -.3730E-02
 6 13 0.4720E-02
 6 14 -.3591E-02
 6 15 -.2735E-02
 6 16 0.7380E-03
 6 17 -.1892E-02
 6 18 -.1290E-02
 6 19 0.6507E-03
 6 20 -.9600E-03
 6 21 -.1399E-02
 6 22 0.5388E-03
 6 23 -.9420E-03
 6 24 -.7168E-03
 6 25 0.0000E+00
 6 26 -.8805E-03
 6 27 -.7016E-03
 6 28 0.0000E+00
 6 29 -.7936E-03
 6 30 0.0000E+00
 6 31 0.5752E-03
 6 32 -.6695E-03
 6 33 0.0000E+00
 6 34 0.0000E+00
 6 35 -.5348E-03
 6 36 0.0000E+00
 6 37 0.1837E-03
 6 38 -.7722E-03
 6 39 0.0000E+00
 6 40 0.7587E-03
 6 41 0.1049E-02
 6 42 0.0000E+00
 6 43 -.1936E-02
 6 44 -.2188E-03
 6 45 0.0000E+00
 7  1 -.3172E-02
 7  2 -.6798E-02
 7  3 -.1917E-01
 7  4 0.9374E-02
 7  5 -.2596E+00
 7  6 -.9201E-02
 7  7 0.1000E+01
 7  8 -.6779E-01
 7  9 -.3506E+00
 7 10 -.1095E-02
 7 11 0.2578E-01
 7 12 0.0000E+00
 7 13 -.9153E-02
 7 14 0.3134E-02
 7 15 0.6365E-03
 7 16 -.4294E-02
 7 17 0.1101E-02
 7 18 0.0000E+00
 7 19 -.2272E-02
 7 20 0.1117E-02
 7 21 0.0000E+00
 7 22 -.1881E-02
 7 23 0.1096E-02
 7 24 0.0000E+00
 7 25 -.1477E-02
 7 26 0.0000E+00
 7 27 0.0000E+00
 7 28 0.3888E-03
 7 29 0.9235E-03
 7 30 0.0000E+00
 7 31 -.3346E-02
 7 32 -.7791E-03
 7 33 0.0000E+00
 7 34 0.2807E-02
 7 35 0.1245E-02
 7 36 0.0000E+00
 7 37 -.2779E-02
 7 38 0.0000E+00
 7 39 0.0000E+00
 7 40 0.2943E-03
 7 41 -.2441E-03
 7 42 0.0000E+00
 7 43 0.2180E-03
 7 44 0.0000E+00
 7 45 0.0000E+00
 8  1 0.9656E-03
 8  2 0.0000E+00
 8  3 0.2918E-02
 8  4 0.2536E-02
 8  5 0.6290E-02
 8  6 -.1755E+00
 8  7 -.6779E-01
 8  8 0.1000E+01
 8  9 -.1306E-01
 8 10 -.2147E+00
 8 11 -.4966E-01
 8 12 0.2114E-01
 8 13 0.1114E-02
 8 14 -.1018E-01
 8 15 -.3100E-02
 8 16 0.1046E-02
 8 17 -.2681E-02
 8 18 -.1828E-02
 8 19 0.9219E-03
 8 20 -.2720E-02
 8 21 -.9912E-03
 8 22 0.7634E-03
 8 23 -.1335E-02
 8 24 -.1016E-02
 8 25 0.0000E+00
 8 26 -.1247E-02
 8 27 0.0000E+00
 8 28 0.4733E-03
 8 29 -.1124E-02
 8 30 0.0000E+00
 8 31 -.4075E-03
 8 32 -.9486E-03
 8 33 0.0000E+00
 8 34 0.0000E+00
 8 35 -.7577E-03
 8 36 0.0000E+00
 8 37 0.2603E-03
 8 38 0.0000E+00
 8 39 -.4340E-03
 8 40 0.0000E+00
 8 41 0.1189E-02
 8 42 0.0000E+00
 8 43 -.2035E-02
 8 44 -.3100E-03
 8 45 0.0000E+00
 9  1 -.1191E-02
 9  2 -.4255E-02
 9  3 -.9902E-02
 9  4 -.1643E-01
 9  5 0.1940E-01
 9  6 -.6451E-02
 9  7 -.3506E+00
 9  8 -.1306E-01
 9  9 0.1000E+01
 9 10 -.4031E-01
 9 11 -.4074E+00
 9 12 0.3260E-02
 9 13 0.4813E-02
 9 14 0.2354E-02
 9 15 0.9562E-03
 9 16 -.6450E-02
 9 17 0.8269E-03
 9 18 0.0000E+00
 9 19 -.2275E-02
 9 20 0.8391E-03
 9 21 0.0000E+00
 9 22 -.1413E-02
 9 23 0.8234E-03
 9 24 0.0000E+00
 9 25 -.1849E-02
 9 26 0.0000E+00
 9 27 0.0000E+00
 9 28 0.5840E-03
 9 29 0.6937E-03
 9 30 0.0000E+00
 9 31 -.2011E-02
 9 32 -.5852E-03
 9 33 0.0000E+00
 9 34 0.1687E-02
 9 35 0.1402E-02
 9 36 0.0000E+00
 9 37 -.3372E-02
 9 38 -.1012E-02
 9 39 0.0000E+00
 9 40 0.1989E-02
 9 41 0.9169E-03
 9 42 0.0000E+00
 9 43 -.1092E-02
 9 44 -.9561E-04
 9 45 0.0000E+00
10  1 0.0000E+00
10  2 0.0000E+00
10  3 0.1839E-02
10  4 0.1598E-02
10  5 0.0000E+00
10  6 0.1788E-01
10  7 -.1095E-02
10  8 -.2147E+00
10  9 -.4031E-01
10 10 0.1000E+01
10 11 -.5395E-01
10 12 -.2331E+00
10 13 0.2949E-01
10 14 0.9618E-02
10 15 0.1953E-02
10 16 -.7906E-02
10 17 -.6757E-02
10 18 -.2303E-02
10 19 0.1162E-02
10 20 -.1714E-02
10 21 -.1249E-02
10 22 0.0000E+00
10 23 -.1682E-02
10 24 0.0000E+00
10 25 -.7556E-03
10 26 -.1572E-02
10 27 0.0000E+00
10 28 0.0000E+00
10 29 -.1417E-02
10 30 0.0000E+00
10 31 0.0000E+00
10 32 0.0000E+00
10 33 0.0000E+00
10 34 -.8615E-03
10 35 0.0000E+00
10 36 0.0000E+00
10 37 0.3280E-03
10 38 -.6894E-03
10 39 -.5469E-03
10 40 0.1129E-02
10 41 0.3371E-02
10 42 0.0000E+00
10 43 -.5352E-02
10 44 -.5860E-03
10 45 0.0000E+00
11  1 -.4167E-02
11  2 -.1191E-01
11  3 -.4093E-01
11  4 -.4378E-01
11  5 -.7040E-01
11  6 -.3223E-01
11  7 0.2578E-01
11  8 -.4966E-01
11  9 -.4074E+00
11 10 -.5395E-01
11 11 0.1000E+01
11 12 -.6461E-01
11 13 -.5170E-01
11 14 0.1029E-01
11 15 0.1672E-02
11 16 -.1692E-02
11 17 0.7230E-03
11 18 0.4930E-03
11 19 -.5470E-02
11 20 0.1467E-02
11 21 0.0000E+00
11 22 -.5353E-02
11 23 0.7199E-03
11 24 0.0000E+00
11 25 0.6468E-03
11 26 0.6729E-03
11 27 0.0000E+00
11 28 -.2809E-02
11 29 0.0000E+00
11 30 0.0000E+00
11 31 0.8791E-03
11 32 0.1023E-02
11 33 0.0000E+00
11 34 -.2766E-02
11 35 -.4087E-03
11 36 0.0000E+00
11 37 0.5615E-03
11 38 0.5902E-03
11 39 0.2341E-03
11 40 -.1353E-02
11 41 -.1924E-02
11 42 0.0000E+00
11 43 0.2673E-02
11 44 0.3344E-03
11 45 0.0000E+00
12  1 0.0000E+00
12  2 0.0000E+00
12  3 0.2429E-02
12  4 0.0000E+00
12  5 0.0000E+00
12  6 -.3730E-02
12  7 0.0000E+00
12  8 0.2114E-01
12  9 0.3260E-02
12 10 -.2331E+00
12 11 -.6461E-01
12 12 0.1000E+01
12 13 -.2430E+00
12 14 -.1398E+00
12 15 -.4773E-01
12 16 0.4874E-01
12 17 0.8925E-02
12 18 -.3043E-02
12 19 -.1688E-01
12 20 -.6793E-02
12 21 -.1650E-02
12 22 0.5083E-02
12 23 -.2222E-02
12 24 -.1691E-02
12 25 -.3992E-02
12 26 -.2077E-02
12 27 -.1655E-02
12 28 0.2364E-02
12 29 0.0000E+00
12 30 0.0000E+00
12 31 -.2713E-02
12 32 -.1579E-02
12 33 0.0000E+00
12 34 0.1138E-02
12 35 0.0000E+00
12 36 0.0000E+00
12 37 0.0000E+00
12 38 0.0000E+00
12 39 -.7224E-03
12 40 -.5965E-03
12 41 0.2969E-02
12 42 0.0000E+00
12 43 -.4566E-02
12 44 -.5160E-03
12 45 0.0000E+00
13  1 -.1017E-02
13  2 -.1453E-02
13  3 0.1537E-02
13  4 0.1336E-02
13  5 -.1656E-02
13  6 0.4720E-02
13  7 -.9153E-02
13  8 0.1114E-02
13  9 0.4813E-02
13 10 0.2949E-01
13 11 -.5170E-01
13 12 -.2430E+00
13 13 0.1000E+01
13 14 -.2947E-01
13 15 0.9794E-02
13 16 -.3942E+00
13 17 0.1835E-01
13 18 0.0000E+00
13 19 0.1000E+00
13 20 -.2865E-02
13 21 0.1044E-02
13 22 -.4422E-01
13 23 0.1406E-02
13 24 0.0000E+00
13 25 0.1137E-01
13 26 0.0000E+00
13 27 0.0000E+00
13 28 -.5982E-02
13 29 0.1184E-02
13 30 0.0000E+00
13 31 -.8582E-03
13 32 0.0000E+00
13 33 0.0000E+00
13 34 0.3600E-03
13 35 0.1596E-02
13 36 0.0000E+00
13 37 -.2467E-02
13 38 -.5761E-03
13 39 -.4570E-03
13 40 0.1509E-02
13 41 0.2817E-02
13 42 0.0000E+00
13 43 -.4007E-02
13 44 -.4897E-03
13 45 0.0000E+00
14  1 0.0000E+00
14  2 0.0000E+00
14  3 -.1754E-02
14  4 -.3049E-02
14  5 -.1890E-02
14  6 -.3591E-02
14  7 0.3134E-02
14  8 -.1018E-01
14  9 0.2354E-02
14 10 0.9618E-02
14 11 0.1029E-01
14 12 -.1398E+00
14 13 -.2947E-01
14 14 0.1000E+01
14 15 -.7546E-01
14 16 -.4525E-01
14 17 -.2288E+00
14 18 0.1868E-01
14 19 0.4433E-02
14 20 0.1962E-01
14 21 -.1192E-02
14 22 -.7341E-02
14 23 -.1284E-01
14 24 0.1221E-02
14 25 0.0000E+00
14 26 -.2999E-02
14 27 0.1195E-02
14 28 -.5690E-03
14 29 -.4055E-02
14 30 0.0000E+00
14 31 0.9796E-03
14 32 -.1140E-02
14 33 0.0000E+00
14 34 -.2054E-02
14 35 -.9109E-03
14 36 0.0000E+00
14 37 0.1564E-02
14 38 -.6576E-03
14 39 -.5217E-03
14 40 0.4307E-03
14 41 0.3216E-02
14 42 0.0000E+00
14 43 -.4892E-02
14 44 -.5589E-03
14 45 0.0000E+00
15  1 0.0000E+00
15  2 0.0000E+00
15  3 0.0000E+00
15  4 0.0000E+00
15  5 0.1152E-02
15  6 -.2735E-02
15  7 0.6365E-03
15  8 -.3100E-02
15  9 0.9562E-03
15 10 0.1953E-02
15 11 0.1672E-02
15 12 -.4773E-01
15 13 0.9794E-02
15 14 -.7546E-01
15 15 0.1000E+01
15 16 -.5360E-02
15 17 -.5497E-01
15 18 -.1372E+00
15 19 -.8102E-02
15 20 0.1893E-01
15 21 -.5081E-02
15 22 0.0000E+00
15 23 -.2932E-02
15 24 -.7437E-02
15 25 -.4391E-03
15 26 0.9136E-03
15 27 -.4368E-02
15 28 -.3466E-03
15 29 0.0000E+00
15 30 -.2768E-02
15 31 0.8952E-03
15 32 0.0000E+00
15 33 -.1771E-02
15 34 -.2503E-03
15 35 -.5549E-03
15 36 -.9178E-03
15 37 0.3812E-03
15 38 -.8013E-03
15 39 -.6356E-03
15 40 0.7872E-03
15 41 -.2177E-03
15 42 -.1837E-03
15 43 -.3240E-03
15 44 -.2270E-03
15 45 -.6155E-04
16  1 -.9540E-03
16  2 -.1363E-02
16  3 -.1442E-02
16  4 0.0000E+00
16  5 -.3107E-02
16  6 0.7380E-03
16  7 -.4294E-02
16  8 0.1046E-02
16  9 -.6450E-02
16 10 -.7906E-02
16 11 -.1692E-02
16 12 0.4874E-01
16 13 -.3942E+00
16 14 -.4525E-01
16 15 -.5360E-02
16 16 0.1000E+01
16 17 -.2649E-01
16 18 0.2709E-02
16 19 -.4764E+00
16 20 0.1747E-01
16 21 0.0000E+00
16 22 0.1622E+00
16 23 -.1319E-02
16 24 0.1003E-02
16 25 -.7523E-01
16 26 0.1233E-02
16 27 0.0000E+00
16 28 0.2853E-01
16 29 0.4444E-02
16 30 0.0000E+00
16 31 -.1570E-01
16 32 0.0000E+00
16 33 0.0000E+00
16 34 0.3715E-02
16 35 0.7487E-03
16 36 0.0000E+00
16 37 -.1029E-02
16 38 0.5405E-03
16 39 -.4288E-03
16 40 -.1416E-02
16 41 0.2350E-02
16 42 0.0000E+00
16 43 -.3672E-02
16 44 -.3063E-03
16 45 0.0000E+00
17  1 0.0000E+00
17  2 0.0000E+00
17  3 -.1848E-02
17  4 -.1606E-02
17  5 -.1992E-02
17  6 -.1892E-02
17  7 0.1101E-02
17  8 -.2681E-02
17  9 0.8269E-03
17 10 -.6757E-02
17 11 0.7230E-03
17 12 0.8925E-02
17 13 0.1835E-01
17 14 -.2288E+00
17 15 -.5497E-01
17 16 -.2649E-01
17 17 0.1000E+01
17 18 -.5093E-01
17 19 -.3270E-01
17 20 -.2739E+00
17 21 0.1758E-01
17 22 0.6768E-02
17 23 0.3888E-01
17 24 0.0000E+00
17 25 -.1063E-01
17 26 -.1580E-01
17 27 0.2518E-02
17 28 0.2998E-02
17 29 0.0000E+00
17 30 0.1197E-02
17 31 -.4129E-02
17 32 -.1202E-02
17 33 0.0000E+00
17 34 -.1299E-02
17 35 0.1920E-02
17 36 0.7937E-03
17 37 -.9890E-03
17 38 -.2079E-02
17 39 -.1649E-02
17 40 0.3858E-02
17 41 0.1468E-01
17 42 0.0000E+00
17 43 -.2140E-01
17 44 -.2356E-02
17 45 0.1065E-03
18  1 0.0000E+00
18  2 0.0000E+00
18  3 0.0000E+00
18  4 0.0000E+00
18  5 0.1358E-02
18  6 -.1290E-02
18  7 0.0000E+00
18  8 -.1828E-02
18  9 0.0000E+00
18 10 -.2303E-02
18 11 0.4930E-03
18 12 -.3043E-02
18 13 0.0000E+00
18 14 0.1868E-01
18 15 -.1372E+00
18 16 0.2709E-02
18 17 -.5093E-01
18 18 0.1000E+01
18 19 0.4777E-02
18 20 -.6461E-01
18 21 -.1541E+00
18 22 -.9889E-02
18 23 0.2190E-01
18 24 -.2631E-02
18 25 -.2589E-02
18 26 -.3232E-02
18 27 -.7726E-02
18 28 -.8176E-03
18 29 0.1942E-02
18 30 -.4081E-02
18 31 -.1056E-02
18 32 0.0000E+00
18 33 -.2089E-02
18 34 0.0000E+00
18 35 0.0000E+00
18 36 -.1082E-02
18 37 -.6743E-03
18 38 -.2362E-02
18 39 -.1124E-02
18 40 0.3249E-02
18 41 0.4621E-02
18 42 -.2166E-03
18 43 -.7565E-02
18 44 -.1071E-02
18 45 0.0000E+00
19  1 -.1682E-02
19  2 -.1202E-02
19  3 0.0000E+00
19  4 -.1105E-02
19  5 0.0000E+00
19  6 0.6507E-03
19  7 -.2272E-02
19  8 0.9219E-03
19  9 -.2275E-02
19 10 0.1162E-02
19 11 -.5470E-02
19 12 -.1688E-01
19 13 0.1000E+00
19 14 0.4433E-02
19 15 -.8102E-02
19 16 -.4764E+00
19 17 -.3270E-01
19 18 0.4777E-02
19 19 0.1000E+01
19 20 -.9480E-02
19 21 0.8636E-03
19 22 -.5680E+00
19 23 0.5814E-02
19 24 -.8848E-03
19 25 0.2523E+00
19 26 0.4347E-02
19 27 0.1732E-02
19 28 -.1361E+00
19 29 -.1078E-01
19 30 -.8233E-03
19 31 0.6283E-01
19 32 0.1074E-01
19 33 0.0000E+00
19 34 -.2859E-01
19 35 -.1320E-02
19 36 0.0000E+00
19 37 0.6576E-02
19 38 0.4766E-03
19 39 -.7562E-03
19 40 -.6243E-03
19 41 0.4920E-02
19 42 0.0000E+00
19 43 -.7323E-02
19 44 -.8102E-03
19 45 0.0000E+00
20  1 0.0000E+00
20  2 0.0000E+00
20  3 0.0000E+00
20  4 -.1630E-02
20  5 0.0000E+00
20  6 -.9600E-03
20  7 0.1117E-02
20  8 -.2720E-02
20  9 0.8391E-03
20 10 -.1714E-02
20 11 0.1467E-02
20 12 -.6793E-02
20 13 -.2865E-02
20 14 0.1962E-01
20 15 0.1893E-01
20 16 0.1747E-01
20 17 -.2739E+00
20 18 -.6461E-01
20 19 -.9480E-02
20 20 0.1000E+01
20 21 -.3058E-01
20 22 -.4219E-01
20 23 -.3225E+00
20 24 0.1566E-01
20 25 0.2466E-01
20 26 0.5933E-01
20 27 0.0000E+00
20 28 -.2251E-01
20 29 -.2168E-01
20 30 0.1215E-02
20 31 0.1205E-01
20 32 0.6096E-02
20 33 0.1036E-02
20 34 -.1142E-01
20 35 -.9740E-03
20 36 0.8054E-03
20 37 0.6021E-02
20 38 -.7031E-03
20 39 -.2231E-02
20 40 0.2533E-02
20 41 0.1910E-01
20 42 0.0000E+00
20 43 -.2832E-01
20 44 -.2988E-02
20 45 0.1080E-03
21  1 0.0000E+00
21  2 0.0000E+00
21  3 0.0000E+00
21  4 0.0000E+00
21  5 0.0000E+00
21  6 -.1399E-02
21  7 0.0000E+00
21  8 -.9912E-03
21  9 0.0000E+00
21 10 -.1249E-02
21 11 0.0000E+00
21 12 -.1650E-02
21 13 0.1044E-02
21 14 -.1192E-02
21 15 -.5081E-02
21 16 0.0000E+00
21 17 0.1758E-01
21 18 -.1541E+00
21 19 0.8636E-03
21 20 -.3058E-01
21 21 0.1000E+01
21 22 0.2860E-02
21 23 -.7126E-01
21 24 -.1703E+00
21 25 0.5616E-02
21 26 0.1870E-01
21 27 0.9311E-03
21 28 -.1286E-01
21 29 -.2106E-02
21 30 -.7967E-02
21 31 0.6107E-02
21 32 0.2666E-02
21 33 -.3021E-02
21 34 -.5763E-02
21 35 0.0000E+00
21 36 -.1174E-02
21 37 0.1707E-02
21 38 -.3075E-02
21 39 -.2439E-02
21 40 0.4195E-02
21 41 0.1197E-01
21 42 -.2350E-03
21 43 -.1898E-01
21 44 -.2468E-02
21 45 0.0000E+00
22  1 0.0000E+00
22  2 0.0000E+00
22  3 -.1053E-02
22  4 0.0000E+00
22  5 -.2269E-02
22  6 0.5388E-03
22  7 -.1881E-02
22  8 0.7634E-03
22  9 -.1413E-02
22 10 0.0000E+00
22 11 -.5353E-02
22 12 0.5083E-02
22 13 -.4422E-01
22 14 -.7341E-02
22 15 0.0000E+00
22 16 0.1622E+00
22 17 0.6768E-02
22 18 -.9889E-02
22 19 -.5680E+00
22 20 -.4219E-01
22 21 0.2860E-02
22 22 0.1000E+01
22 23 0.2503E-01
22 24 0.3663E-02
22 25 -.6608E+00
22 26 -.1170E-01
22 27 -.4302E-02
22 28 0.3606E+00
22 29 0.4218E-01
22 30 0.2727E-02
22 31 -.1896E+00
22 32 -.2669E-01
22 33 -.1163E-02
22 34 0.8162E-01
22 35 0.1531E-01
22 36 0.4520E-03
22 37 -.3473E-01
22 38 -.5525E-02
22 39 -.9391E-03
22 40 0.1279E-01
22 41 0.9220E-02
22 42 0.0000E+00
22 43 -.1308E-01
22 44 -.1453E-02
22 45 0.6063E-04
23  1 0.0000E+00
23  2 0.0000E+00
23  3 0.0000E+00
23  4 0.0000E+00
23  5 -.1983E-02
23  6 -.9420E-03
23  7 0.1096E-02
23  8 -.1335E-02
23  9 0.8234E-03
23 10 -.1682E-02
23 11 0.7199E-03
23 12 -.2222E-02
23 13 0.1406E-02
23 14 -.1284E-01
23 15 -.2932E-02
23 16 -.1319E-02
23 17 0.3888E-01
23 18 0.2190E-01
23 19 0.5814E-02
23 20 -.3225E+00
23 21 -.7126E-01
23 22 0.2503E-01
23 23 0.1000E+01
23 24 -.1409E-01
23 25 -.7865E-01
23 26 -.3682E+00
23 27 0.1128E-01
23 28 0.6627E-01
23 29 0.9218E-01
23 30 0.1192E-02
23 31 -.5602E-01
23 32 -.3230E-01
23 33 0.0000E+00
23 34 0.3147E-01
23 35 0.1434E-01
23 36 0.1581E-02
23 37 -.2167E-01
23 38 -.9660E-02
23 39 -.2737E-02
23 40 0.1830E-01
23 41 0.2249E-01
23 42 0.0000E+00
23 43 -.3147E-01
23 44 -.3519E-02
23 45 0.1060E-03
24  1 0.0000E+00
24  2 0.0000E+00
24  3 0.0000E+00
24  4 0.0000E+00
24  5 0.0000E+00
24  6 -.7168E-03
24  7 0.0000E+00
24  8 -.1016E-02
24  9 0.0000E+00
24 10 0.0000E+00
24 11 0.0000E+00
24 12 -.1691E-02
24 13 0.0000E+00
24 14 0.1221E-02
24 15 -.7437E-02
24 16 0.1003E-02
24 17 0.0000E+00
24 18 -.2631E-02
24 19 -.8848E-03
24 20 0.1566E-01
24 21 -.1703E+00
24 22 0.3663E-02
24 23 -.1409E-01
24 24 0.1000E+01
24 25 -.7480E-02
24 26 -.7423E-01
24 27 -.1879E+00
24 28 0.1953E-01
24 29 0.2050E-01
24 30 0.6348E-02
24 31 -.2151E-01
24 32 -.7283E-02
24 33 -.8511E-02
24 34 0.1148E-01
24 35 0.5818E-02
24 36 -.1203E-02
24 37 -.8992E-02
24 38 -.7875E-02
24 39 -.3332E-02
24 40 0.1307E-01
24 41 0.1683E-01
24 42 -.4815E-03
24 43 -.2581E-01
24 44 -.3272E-02
24 45 0.0000E+00
25  1 -.1641E-02
25  2 -.7816E-03
25  3 0.0000E+00
25  4 0.0000E+00
25  5 0.0000E+00
25  6 0.0000E+00
25  7 -.1477E-02
25  8 0.0000E+00
25  9 -.1849E-02
25 10 -.7556E-03
25 11 0.6468E-03
25 12 -.3992E-02
25 13 0.1137E-01
25 14 0.0000E+00
25 15 -.4391E-03
25 16 -.7523E-01
25 17 -.1063E-01
25 18 -.2589E-02
25 19 0.2523E+00
25 20 0.2466E-01
25 21 0.5616E-02
25 22 -.6608E+00
25 23 -.7865E-01
25 24 -.7480E-02
25 25 0.1000E+01
25 26 0.5513E-01
25 27 0.1070E-01
25 28 -.7471E+00
25 29 -.9556E-01
25 30 -.7495E-02
25 31 0.4206E+00
25 32 0.7524E-01
25 33 0.3654E-02
25 34 -.2076E+00
25 35 -.3735E-01
25 36 -.1420E-02
25 37 0.9171E-01
25 38 0.1860E-01
25 39 0.2459E-03
25 40 -.4050E-01
25 41 -.5221E-02
25 42 0.0000E+00
25 43 0.5364E-02
25 44 0.7903E-03
25 45 -.4762E-04
26  1 0.0000E+00
26  2 0.0000E+00
26  3 0.0000E+00
26  4 0.0000E+00
26  5 0.0000E+00
26  6 -.8805E-03
26  7 0.0000E+00
26  8 -.1247E-02
26  9 0.0000E+00
26 10 -.1572E-02
26 11 0.6729E-03
26 12 -.2077E-02
26 13 0.0000E+00
26 14 -.2999E-02
26 15 0.9136E-03
26 16 0.1233E-02
26 17 -.1580E-01
26 18 -.3232E-02
26 19 0.4347E-02
26 20 0.5933E-01
26 21 0.1870E-01
26 22 -.1170E-01
26 23 -.3682E+00
26 24 -.7423E-01
26 25 0.5513E-01
26 26 0.1000E+01
26 27 -.1172E-02
26 28 -.1088E+00
26 29 -.4361E+00
26 30 0.4456E-02
26 31 0.1114E+00
26 32 0.1264E+00
26 33 0.1901E-02
26 34 -.8422E-01
26 35 -.4109E-01
26 36 0.7387E-03
26 37 0.4387E-01
26 38 0.1096E-01
26 39 -.2046E-02
26 40 -.1373E-01
26 41 0.1507E-01
26 42 0.0000E+00
26 43 -.2472E-01
26 44 -.2192E-02
26 45 0.9908E-04
27  1 0.0000E+00
27  2 0.0000E+00
27  3 0.0000E+00
27  4 0.0000E+00
27  5 0.0000E+00
27  6 -.7016E-03
27  7 0.0000E+00
27  8 0.0000E+00
27  9 0.0000E+00
27 10 0.0000E+00
27 11 0.0000E+00
27 12 -.1655E-02
27 13 0.0000E+00
27 14 0.1195E-02
27 15 -.4368E-02
27 16 0.0000E+00
27 17 0.2518E-02
27 18 -.7726E-02
27 19 0.1732E-02
27 20 0.0000E+00
27 21 0.9311E-03
27 22 -.4302E-02
27 23 0.1128E-01
27 24 -.1879E+00
27 25 0.1070E-01
27 26 -.1172E-02
27 27 0.1000E+01
27 28 -.2134E-01
27 29 -.7393E-01
27 30 -.2130E+00
27 31 0.3521E-01
27 32 0.2228E-01
27 33 0.1212E-01
27 34 -.2954E-01
27 35 -.9253E-02
27 36 -.7652E-02
27 37 0.1345E-01
27 38 0.0000E+00
27 39 -.3261E-02
27 40 -.5048E-03
27 41 0.9214E-02
27 42 -.7068E-03
27 43 -.1646E-01
27 44 -.2475E-02
27 45 -.7895E-04
28  1 0.8638E-03
28  2 0.6171E-03
28  3 -.6527E-03
28  4 -.1702E-02
28  5 0.0000E+00
28  6 0.0000E+00
28  7 0.3888E-03
28  8 0.4733E-03
28  9 0.5840E-03
28 10 0.0000E+00
28 11 -.2809E-02
28 12 0.2364E-02
28 13 -.5982E-02
28 14 -.5690E-03
28 15 -.3466E-03
28 16 0.2853E-01
28 17 0.2998E-02
28 18 -.8176E-03
28 19 -.1361E+00
28 20 -.2251E-01
28 21 -.1286E-01
28 22 0.3606E+00
28 23 0.6627E-01
28 24 0.1953E-01
28 25 -.7471E+00
28 26 -.1088E+00
28 27 -.2134E-01
28 28 0.1000E+01
28 29 0.2027E+00
28 30 0.1606E-01
28 31 -.7626E+00
28 32 -.1570E+00
28 33 -.8655E-02
28 34 0.4212E+00
28 35 0.9151E-01
28 36 0.3924E-02
28 37 -.2129E+00
28 38 -.4551E-01
28 39 -.2135E-02
28 40 0.9832E-01
28 41 0.2686E-01
28 42 -.2244E-03
28 43 -.3388E-01
28 44 -.4160E-02
28 45 0.1880E-03
29  1 0.0000E+00
29  2 0.0000E+00
29  3 0.0000E+00
29  4 -.1347E-02
29  5 0.0000E+00
29  6 -.7936E-03
29  7 0.9235E-03
29  8 -.1124E-02
29  9 0.6937E-03
29 10 -.1417E-02
29 11 0.0000E+00
29 12 0.0000E+00
29 13 0.1184E-02
29 14 -.4055E-02
29 15 0.0000E+00
29 16 0.4444E-02
29 17 0.0000E+00
29 18 0.1942E-02
29 19 -.1078E-01
29 20 -.2168E-01
29 21 -.2106E-02
29 22 0.4218E-01
29 23 0.9218E-01
29 24 0.2050E-01
29 25 -.9556E-01
29 26 -.4361E+00
29 27 -.7393E-01
29 28 0.2027E+00
29 29 0.1000E+01
29 30 0.2008E-01
29 31 -.2927E+00
29 32 -.4586E+00
29 33 -.2570E-02
29 34 0.2252E+00
29 35 0.1522E+00
29 36 0.2663E-02
29 37 -.1369E+00
29 38 -.5638E-01
29 39 -.2767E-02
29 40 0.6910E-01
29 41 0.3506E-01
29 42 -.2665E-03
29 43 -.4071E-01
29 44 -.5599E-02
29 45 0.2679E-03
30  1 0.0000E+00
30  2 0.0000E+00
30  3 0.0000E+00
30  4 0.0000E+00
30  5 0.0000E+00
30  6 0.0000E+00
30  7 0.0000E+00
30  8 0.0000E+00
30  9 0.0000E+00
30 10 0.0000E+00
30 11 0.0000E+00
30 12 0.0000E+00
30 13 0.0000E+00
30 14 0.0000E+00
30 15 -.2768E-02
30 16 0.0000E+00
30 17 0.1197E-02
30 18 -.4081E-02
30 19 -.8233E-03
30 20 0.1215E-02
30 21 -.7967E-02
30 22 0.2727E-02
30 23 0.1192E-02
30 24 0.6348E-02
30 25 -.7495E-02
30 26 0.4456E-02
30 27 -.2130E+00
30 28 0.1606E-01
30 29 0.2008E-01
30 30 0.1000E+01
30 31 -.3275E-01
30 32 -.1076E+00
30 33 -.2174E+00
30 34 0.4975E-01
30 35 0.3316E-01
30 36 0.1735E-01
30 37 -.3788E-01
30 38 -.1954E-01
30 39 -.8526E-02
30 40 0.2320E-01
30 41 0.1407E-01
30 42 -.6720E-03
30 43 -.1936E-01
30 44 -.4152E-02
30 45 -.1501E-03
31  1 -.1487E-02
31  2 -.1594E-02
31  3 0.0000E+00
31  4 0.1953E-02
31  5 -.1816E-02
31  6 0.5752E-03
31  7 -.3346E-02
31  8 -.4075E-03
31  9 -.2011E-02
31 10 0.0000E+00
31 11 0.8791E-03
31 12 -.2713E-02
31 13 -.8582E-03
31 14 0.9796E-03
31 15 0.8952E-03
31 16 -.1570E-01
31 17 -.4129E-02
31 18 -.1056E-02
31 19 0.6283E-01
31 20 0.1205E-01
31 21 0.6107E-02
31 22 -.1896E+00
31 23 -.5602E-01
31 24 -.2151E-01
31 25 0.4206E+00
31 26 0.1114E+00
31 27 0.3521E-01
31 28 -.7626E+00
31 29 -.2927E+00
31 30 -.3275E-01
31 31 0.1000E+01
31 32 0.3046E+00
31 33 0.1894E-01
31 34 -.7620E+00
31 35 -.1841E+00
31 36 -.7480E-02
31 37 0.4240E+00
31 38 0.9100E-01
31 39 0.1170E-02
31 40 -.1921E+00
31 41 -.2804E-01
31 42 0.2897E-03
31 43 0.2940E-01
31 44 0.4297E-02
31 45 -.1942E-03
32  1 0.0000E+00
32  2 0.0000E+00
32  3 0.0000E+00
32  4 0.1137E-02
32  5 0.0000E+00
32  6 -.6695E-03
32  7 -.7791E-03
32  8 -.9486E-03
32  9 -.5852E-03
32 10 0.0000E+00
32 11 0.1023E-02
32 12 -.1579E-02
32 13 0.0000E+00
32 14 -.1140E-02
32 15 0.0000E+00
32 16 0.0000E+00
32 17 -.1202E-02
32 18 0.0000E+00
32 19 0.1074E-01
32 20 0.6096E-02
32 21 0.2666E-02
32 22 -.2669E-01
32 23 -.3230E-01
32 24 -.7283E-02
32 25 0.7524E-01
32 26 0.1264E+00
32 27 0.2228E-01
32 28 -.1570E+00
32 29 -.4586E+00
32 30 -.1076E+00
32 31 0.3046E+00
32 32 0.1000E+01
32 33 0.3325E-01
32 34 -.3977E+00
32 35 -.4660E+00
32 36 -.4494E-02
32 37 0.2870E+00
32 38 0.1604E+00
32 39 -.7780E-03
32 40 -.1482E+00
32 41 -.3357E-01
32 42 0.4497E-03
32 43 0.1071E-01
32 44 0.6669E-02
32 45 -.3014E-03
33  1 0.0000E+00
33  2 0.0000E+00
33  3 0.0000E+00
33  4 0.0000E+00
33  5 0.0000E+00
33  6 0.0000E+00
33  7 0.0000E+00
33  8 0.0000E+00
33  9 0.0000E+00
33 10 0.0000E+00
33 11 0.0000E+00
33 12 0.0000E+00
33 13 0.0000E+00
33 14 0.0000E+00
33 15 -.1771E-02
33 16 0.0000E+00
33 17 0.0000E+00
33 18 -.2089E-02
33 19 0.0000E+00
33 20 0.1036E-02
33 21 -.3021E-02
33 22 -.1163E-02
33 23 0.0000E+00
33 24 -.8511E-02
33 25 0.3654E-02
33 26 0.1901E-02
33 27 0.1212E-01
33 28 -.8655E-02
33 29 -.2570E-02
33 30 -.2174E+00
33 31 0.1894E-01
33 32 0.3325E-01
33 33 0.1000E+01
33 34 -.3932E-01
33 35 -.1276E+00
33 36 -.2220E+00
33 37 0.5671E-01
33 38 0.4210E-01
33 39 0.2083E-01
33 40 -.3808E-01
33 41 -.1359E-01
33 42 -.5924E-02
33 43 0.3573E-02
33 44 -.7085E-03
33 45 -.1921E-03
34  1 0.6238E-03
34  2 0.8913E-03
34  3 0.0000E+00
34  4 -.2458E-02
34  5 0.5079E-03
34  6 0.0000E+00
34  7 0.2807E-02
34  8 0.0000E+00
34  9 0.1687E-02
34 10 -.8615E-03
34 11 -.2766E-02
34 12 0.1138E-02
34 13 0.3600E-03
34 14 -.2054E-02
34 15 -.2503E-03
34 16 0.3715E-02
34 17 -.1299E-02
34 18 0.0000E+00
34 19 -.2859E-01
34 20 -.1142E-01
34 21 -.5763E-02
34 22 0.8162E-01
34 23 0.3147E-01
34 24 0.1148E-01
34 25 -.2076E+00
34 26 -.8422E-01
34 27 -.2954E-01
34 28 0.4212E+00
34 29 0.2252E+00
34 30 0.4975E-01
34 31 -.7620E+00
34 32 -.3977E+00
34 33 -.3932E-01
34 34 0.1000E+01
34 35 0.3429E+00
34 36 0.1781E-01
34 37 -.7697E+00
34 38 -.1933E+00
34 39 -.6168E-02
34 40 0.4029E+00
34 41 0.8852E-01
34 42 -.7292E-03
34 43 -.1040E+00
34 44 -.1377E-01
34 45 0.6244E-03
35  1 0.0000E+00
35  2 0.9879E-03
35  3 0.0000E+00
35  4 -.9081E-03
35  5 0.1126E-02
35  6 -.5348E-03
35  7 0.1245E-02
35  8 -.7577E-03
35  9 0.1402E-02
35 10 0.0000E+00
35 11 -.4087E-03
35 12 0.0000E+00
35 13 0.1596E-02
35 14 -.9109E-03
35 15 -.5549E-03
35 16 0.7487E-03
35 17 0.1920E-02
35 18 0.0000E+00
35 19 -.1320E-02
35 20 -.9740E-03
35 21 0.0000E+00
35 22 0.1531E-01
35 23 0.1434E-01
35 24 0.5818E-02
35 25 -.3735E-01
35 26 -.4109E-01
35 27 -.9253E-02
35 28 0.9151E-01
35 29 0.1522E+00
35 30 0.3316E-01
35 31 -.1841E+00
35 32 -.4660E+00
35 33 -.1276E+00
35 34 0.3429E+00
35 35 0.1000E+01
35 36 0.3949E-01
35 37 -.4335E+00
35 38 -.4932E+00
35 39 -.9322E-02
35 40 0.3230E+00
35 41 0.1948E+00
35 42 -.1617E-02
35 43 -.1534E+00
35 44 -.3463E-01
35 45 0.1625E-02
36  1 0.0000E+00
36  2 0.0000E+00
36  3 0.0000E+00
36  4 0.0000E+00
36  5 0.0000E+00
36  6 0.0000E+00
36  7 0.0000E+00
36  8 0.0000E+00
36  9 0.0000E+00
36 10 0.0000E+00
36 11 0.0000E+00
36 12 0.0000E+00
36 13 0.0000E+00
36 14 0.0000E+00
36 15 -.9178E-03
36 16 0.0000E+00
36 17 0.7937E-03
36 18 -.1082E-02
36 19 0.0000E+00
36 20 0.8054E-03
36 21 -.1174E-02
36 22 0.4520E-03
36 23 0.1581E-02
36 24 -.1203E-02
36 25 -.1420E-02
36 26 0.7387E-03
36 27 -.7652E-02
36 28 0.3924E-02
36 29 0.2663E-02
36 30 0.1735E-01
36 31 -.7480E-02
36 32 -.4494E-02
36 33 -.2220E+00
36 34 0.1781E-01
36 35 0.3949E-01
36 36 0.1000E+01
36 37 -.3853E-01
36 38 -.1374E+00
36 39 -.2380E+00
36 40 0.6323E-01
36 41 0.6020E-01
36 42 0.2852E-01
36 43 -.4726E-01
36 44 -.2129E-01
36 45 -.3832E-02
37  1 -.4750E-03
37  2 -.1696E-02
37  3 0.0000E+00
37  4 0.1559E-02
37  5 -.1160E-02
37  6 0.1837E-03
37  7 -.2779E-02
37  8 0.2603E-03
37  9 -.3372E-02
37 10 0.3280E-03
37 11 0.5615E-03
37 12 0.0000E+00
37 13 -.2467E-02
37 14 0.1564E-02
37 15 0.3812E-03
37 16 -.1029E-02
37 17 -.9890E-03
37 18 -.6743E-03
37 19 0.6576E-02
37 20 0.6021E-02
37 21 0.1707E-02
37 22 -.3473E-01
37 23 -.2167E-01
37 24 -.8992E-02
37 25 0.9171E-01
37 26 0.4387E-01
37 27 0.1345E-01
37 28 -.2129E+00
37 29 -.1369E+00
37 30 -.3788E-01
37 31 0.4240E+00
37 32 0.2870E+00
37 33 0.5671E-01
37 34 -.7697E+00
37 35 -.4335E+00
37 36 -.3853E-01
37 37 0.1000E+01
37 38 0.3536E+00
37 39 0.1409E-01
37 40 -.7289E+00
37 41 -.1795E+00
37 42 0.1234E-02
37 43 0.2109E+00
37 44 0.2824E-01
37 45 -.1261E-02
38  1 0.4992E-03
38  2 0.0000E+00
38  3 0.0000E+00
38  4 0.0000E+00
38  5 0.0000E+00
38  6 -.7722E-03
38  7 0.0000E+00
38  8 0.0000E+00
38  9 -.1012E-02
38 10 -.6894E-03
38 11 0.5902E-03
38 12 0.0000E+00
38 13 -.5761E-03
38 14 -.6576E-03
38 15 -.8013E-03
38 16 0.5405E-03
38 17 -.2079E-02
38 18 -.2362E-02
38 19 0.4766E-03
38 20 -.7031E-03
38 21 -.3075E-02
38 22 -.5525E-02
38 23 -.9660E-02
38 24 -.7875E-02
38 25 0.1860E-01
38 26 0.1096E-01
38 27 0.0000E+00
38 28 -.4551E-01
38 29 -.5638E-01
38 30 -.1954E-01
38 31 0.9100E-01
38 32 0.1604E+00
38 33 0.4210E-01
38 34 -.1933E+00
38 35 -.4932E+00
38 36 -.1374E+00
38 37 0.3536E+00
38 38 0.1000E+01
38 39 0.4420E-01
38 40 -.4790E+00
38 41 -.4973E+00
38 42 0.0000E+00
38 43 0.3008E+00
38 44 0.1034E+00
38 45 -.4432E-02
39  1 0.0000E+00
39  2 0.0000E+00
39  3 0.0000E+00
39  4 0.0000E+00
39  5 0.0000E+00
39  6 0.0000E+00
39  7 0.0000E+00
39  8 -.4340E-03
39  9 0.0000E+00
39 10 -.5469E-03
39 11 0.2341E-03
39 12 -.7224E-03
39 13 -.4570E-03
39 14 -.5217E-03
39 15 -.6356E-03
39 16 -.4288E-03
39 17 -.1649E-02
39 18 -.1124E-02
39 19 -.7562E-03
39 20 -.2231E-02
39 21 -.2439E-02
39 22 -.9391E-03
39 23 -.2737E-02
39 24 -.3332E-02
39 25 0.2459E-03
39 26 -.2046E-02
39 27 -.3261E-02
39 28 -.2135E-02
39 29 -.2767E-02
39 30 -.8526E-02
39 31 0.1170E-02
39 32 -.7780E-03
39 33 0.2083E-01
39 34 -.6168E-02
39 35 -.9322E-02
39 36 -.2380E+00
39 37 0.1409E-01
39 38 0.4420E-01
39 39 0.1000E+01
39 40 -.5238E-01
39 41 -.1482E+00
39 42 -.2456E+00
39 43 0.8403E-01
39 44 0.5155E-01
39 45 0.2206E-01
40  1 -.9808E-03
40  2 0.7007E-03
40  3 -.4941E-03
40  4 0.0000E+00
40  5 -.5324E-03
40  6 0.7587E-03
40  7 0.2943E-03
40  8 0.0000E+00
40  9 0.1989E-02
40 10 0.1129E-02
40 11 -.1353E-02
40 12 -.5965E-03
40 13 0.1509E-02
40 14 0.4307E-03
40 15 0.7872E-03
40 16 -.1416E-02
40 17 0.3858E-02
40 18 0.3249E-02
40 19 -.6243E-03
40 20 0.2533E-02
40 21 0.4195E-02
40 22 0.1279E-01
40 23 0.1830E-01
40 24 0.1307E-01
40 25 -.4050E-01
40 26 -.1373E-01
40 27 -.5048E-03
40 28 0.9832E-01
40 29 0.6910E-01
40 30 0.2320E-01
40 31 -.1921E+00
40 32 -.1482E+00
40 33 -.3808E-01
40 34 0.4029E+00
40 35 0.3230E+00
40 36 0.6323E-01
40 37 -.7289E+00
40 38 -.4790E+00
40 39 -.5238E-01
40 40 0.1000E+01
40 41 0.4974E+00
40 42 -.1741E-02
40 43 -.6534E+00
40 44 -.7835E-01
40 45 0.3472E-02
41  1 -.8137E-03
41  2 0.7750E-03
41  3 0.1230E-02
41  4 0.1781E-02
41  5 0.8834E-03
41  6 0.1049E-02
41  7 -.2441E-03
41  8 0.1189E-02
41  9 0.9169E-03
41 10 0.3371E-02
41 11 -.1924E-02
41 12 0.2969E-02
41 13 0.2817E-02
41 14 0.3216E-02
41 15 -.2177E-03
41 16 0.2350E-02
41 17 0.1468E-01
41 18 0.4621E-02
41 19 0.4920E-02
41 20 0.1910E-01
41 21 0.1197E-01
41 22 0.9220E-02
41 23 0.2249E-01
41 24 0.1683E-01
41 25 -.5221E-02
41 26 0.1507E-01
41 27 0.9214E-02
41 28 0.2686E-01
41 29 0.3506E-01
41 30 0.1407E-01
41 31 -.2804E-01
41 32 -.3357E-01
41 33 -.1359E-01
41 34 0.8852E-01
41 35 0.1948E+00
41 36 0.6020E-01
41 37 -.1795E+00
41 38 -.4973E+00
41 39 -.1482E+00
41 40 0.4974E+00
41 41 0.1000E+01
41 42 0.2015E-01
41 43 -.7126E+00
41 44 -.2569E+00
41 45 0.9963E-02
42  1 0.0000E+00
42  2 0.0000E+00
42  3 0.0000E+00
42  4 0.0000E+00
42  5 0.0000E+00
42  6 0.0000E+00
42  7 0.0000E+00
42  8 0.0000E+00
42  9 0.0000E+00
42 10 0.0000E+00
42 11 0.0000E+00
42 12 0.0000E+00
42 13 0.0000E+00
42 14 0.0000E+00
42 15 -.1837E-03
42 16 0.0000E+00
42 17 0.0000E+00
42 18 -.2166E-03
42 19 0.0000E+00
42 20 0.0000E+00
42 21 -.2350E-03
42 22 0.0000E+00
42 23 0.0000E+00
42 24 -.4815E-03
42 25 0.0000E+00
42 26 0.0000E+00
42 27 -.7068E-03
42 28 -.2244E-03
42 29 -.2665E-03
42 30 -.6720E-03
42 31 0.2897E-03
42 32 0.4497E-03
42 33 -.5924E-02
42 34 -.7292E-03
42 35 -.1617E-02
42 36 0.2852E-01
42 37 0.1234E-02
42 38 0.0000E+00
42 39 -.2456E+00
42 40 -.1741E-02
42 41 0.2015E-01
42 42 0.1000E+01
42 43 0.1258E-02
42 44 -.2591E+00
42 45 -.1631E+00
43  1 0.1050E-02
43  2 -.1038E-02
43  3 -.1708E-02
43  4 -.2651E-02
43  5 -.1315E-02
43  6 -.1936E-02
43  7 0.2180E-03
43  8 -.2035E-02
43  9 -.1092E-02
43 10 -.5352E-02
43 11 0.2673E-02
43 12 -.4566E-02
43 13 -.4007E-02
43 14 -.4892E-02
43 15 -.3240E-03
43 16 -.3672E-02
43 17 -.2140E-01
43 18 -.7565E-02
43 19 -.7323E-02
43 20 -.2832E-01
43 21 -.1898E-01
43 22 -.1308E-01
43 23 -.3147E-01
43 24 -.2581E-01
43 25 0.5364E-02
43 26 -.2472E-01
43 27 -.1646E-01
43 28 -.3388E-01
43 29 -.4071E-01
43 30 -.1936E-01
43 31 0.2940E-01
43 32 0.1071E-01
43 33 0.3573E-02
43 34 -.1040E+00
43 35 -.1534E+00
43 36 -.4726E-01
43 37 0.2109E+00
43 38 0.3008E+00
43 39 0.8403E-01
43 40 -.6534E+00
43 41 -.7126E+00
43 42 0.1258E-02
43 43 0.1000E+01
43 44 0.1114E+00
43 45 -.4933E-02
44  1 0.1414E-03
44  2 -.2021E-03
44  3 -.2137E-03
44  4 -.1857E-03
44  5 -.2303E-03
44  6 -.2188E-03
44  7 0.0000E+00
44  8 -.3100E-03
44  9 -.9561E-04
44 10 -.5860E-03
44 11 0.3344E-03
44 12 -.5160E-03
44 13 -.4897E-03
44 14 -.5589E-03
44 15 -.2270E-03
44 16 -.3063E-03
44 17 -.2356E-02
44 18 -.1071E-02
44 19 -.8102E-03
44 20 -.2988E-02
44 21 -.2468E-02
44 22 -.1453E-02
44 23 -.3519E-02
44 24 -.3272E-02
44 25 0.7903E-03
44 26 -.2192E-02
44 27 -.2475E-02
44 28 -.4160E-02
44 29 -.5599E-02
44 30 -.4152E-02
44 31 0.4297E-02
44 32 0.6669E-02
44 33 -.7085E-03
44 34 -.1377E-01
44 35 -.3463E-01
44 36 -.2129E-01
44 37 0.2824E-01
44 38 0.1034E+00
44 39 0.5155E-01
44 40 -.7835E-01
44 41 -.2569E+00
44 42 -.2591E+00
44 43 0.1114E+00
44 44 0.1000E+01
44 45 -.2306E-01
45  1 0.0000E+00
45  2 0.0000E+00
45  3 0.0000E+00
45  4 0.0000E+00
45  5 0.0000E+00
45  6 0.0000E+00
45  7 0.0000E+00
45  8 0.0000E+00
45  9 0.0000E+00
45 10 0.0000E+00
45 11 0.0000E+00
45 12 0.0000E+00
45 13 0.0000E+00
45 14 0.0000E+00
45 15 -.6155E-04
45 16 0.0000E+00
45 17 0.1065E-03
45 18 0.0000E+00
45 19 0.0000E+00
45 20 0.1080E-03
45 21 0.0000E+00
45 22 0.6063E-04
45 23 0.1060E-03
45 24 0.0000E+00
45 25 -.4762E-04
45 26 0.9908E-04
45 27 -.7895E-04
45 28 0.1880E-03
45 29 0.2679E-03
45 30 -.1501E-03
45 31 -.1942E-03
45 32 -.3014E-03
45 33 -.1921E-03
45 34 0.6244E-03
45 35 0.1625E-02
45 36 -.3832E-02
45 37 -.1261E-02
45 38 -.4432E-02
45 39 0.2206E-01
45 40 0.3472E-02
45 41 0.9963E-02
45 42 -.1631E+00
45 43 -.4933E-02
45 44 -.2306E-01
45 45 0.1000E+01
