**************************************************************************
These are published data of the HERMES Collaboration. You are free to
use these data in any publication. However, you must make a reference
to the following publication: A. Airapetian et al, Phys. Rev D 71
(2005) 012003 [DC42]
**************************************************************************

*-----------------------------------------------------------------------------
*
Asymmetries (avg by addAM)
* *
* Files:
* 98c1-2003.07.15/full.mcstats/A1.born.txt
* 99b2-2003.07.15/full.mcstats/A1.born.txt
* 00c1-2003.07.15/full.mcstats/A1.born.txt
*
* Date: Fri Jul 18 15:00:55 2003
* JW (juergen@triumf.ca)
*------------------------------------------------------------------------------
*
*
*
e *year type xbi ybi zbi &lt;x&gt; &lt;y&gt; &lt;z&gt; &lt;Q2&gt;
&lt;eta&gt; &lt;gamma&gt; &lt;D&gt; A dAstat dAsys dMCstat -1 10 1 1 1
0.00000 0.00000 0.0000 0.0000 0.000000 0.000000 0.000000 0.000000
0.000000 0.000000 0.000000 -1 10 2 1 1 0.00000 0.00000 0.0000 0.0000
0.000000 0.000000 0.000000 0.000000 0.000000 0.000000 0.000000 -1 10 3
1 1 0.00000 0.00000 0.0000 0.0000 0.000000 0.000000 0.000000 0.000000
0.000000 0.000000 0.000000 -1 10 4 1 1 0.03333 0.70663 0.0000 1.2185
0.2567539E-01 0.5667539E-01 0.7038391 0.2031406E-01 0.7810553E-02
0.1502924E-02 0.3442513E-02 -1 10 5 1 1 0.04757 0.58950 0.0000 1.4509
0.4305061E-01 0.7408898E-01 0.5715172 0.2480576E-01 0.8011884E-02
0.1657739E-02 0.4033309E-02 -1 10 6 1 1 0.06482 0.50473 0.0000 1.6928
0.6175326E-01 0.9348894E-01 0.4802322 0.3960402E-01 0.8481836E-02
0.2258521E-02 0.4774063E-02 -1 10 7 1 1 0.08717 0.43197 0.0000 1.9482
0.8453726E-01 0.1172373 0.4060340 0.4399928E-01 0.9964759E-02
0.3090395E-02 0.6109332E-02 -1 10 8 1 1 0.11820 0.38483 0.0000 2.3533
0.1095799 0.1446045 0.3641914 0.7765876E-01 0.9945394E-02 0.5363794E-02
0.6036463E-02 -1 10 9 1 1 0.16610 0.37006 0.0000 3.1800 0.1340965
0.1748074 0.3637794 0.1136713 0.1068475E-01 0.8098240E-02 0.5380400E-02
-1 10 10 1 1 0.23979 0.36664 0.0000 4.5485 0.1619054 0.2110191
0.3785003 0.1620712 0.1210465E-01 0.1139240E-01 0.4603263E-02 -1 10 11
1 1 0.33943 0.37459 0.0000 6.5782 0.1882574 0.2483546 0.4040356
0.2931544 0.2277316E-01 0.1946119E-01 0.5701348E-02 -1 10 12 1 1
0.44647 0.39650 0.0000 9.1587 0.2041967 0.2768136 0.4421273 0.3161249
0.4116114E-01 0.2363598E-01 0.6476671E-02
* h+ *year type xbi ybi zbi &lt;x&gt; &lt;y&gt; &lt;z&gt; &lt;Q2&gt;
&lt;eta&gt; &lt;gamma&gt; &lt;D&gt; A dAstat dAsys dMCstat -1 20 1 1 1
0.00000 0.00000 0.0000 0.0000 0.000000 0.000000 0.000000 0.000000
0.000000 0.000000 0.000000 -1 20 2 1 1 0.00000 0.00000 0.0000 0.0000
0.000000 0.000000 0.000000 0.000000 0.000000 0.000000 0.000000 -1 20 3
1 1 0.00000 0.00000 0.0000 0.0000 0.000000 0.000000 0.000000 0.000000
0.000000 0.000000 0.000000 -1 20 4 1 1 0.03349 0.70014 0.3552 1.2132
0.2627568E-01 0.5708895E-01 0.6962570 0.7994460E-02 0.1464082E-01
0.6703847E-03 0.6762610E-02 -1 20 5 1 1 0.04757 0.58674 0.3736 1.4441
0.4336498E-01 0.7428917E-01 0.5681884 0.1119527E-01 0.1558057E-01
0.1775236E-02 0.7718711E-02 -1 20 6 1 1 0.06471 0.51559 0.3842 1.7260
0.6014300E-01 0.9245393E-01 0.4931153 0.4843391E-01 0.1624139E-01
0.2760415E-02 0.8511562E-02 -1 20 7 1 1 0.08691 0.45964 0.3905 2.0667
0.7922766E-01 0.1134518 0.4387306 0.7538937E-01 0.1845900E-01
0.4344997E-02 0.1006802E-01 -1 20 8 1 1 0.11785 0.42681 0.3941 2.6022
0.9933554E-01 0.1370732 0.4146330 0.3501039E-01 0.1788763E-01
0.3768255E-02 0.9392615E-02 -1 20 9 1 1 0.16553 0.41573 0.3915 3.5601
0.1204650 0.1646541
0.4205079 0.1325857 0.1942855E-01 0.8658630E-02 0.8716964E-02 -1 20 10
1 1 0.23842 0.40841 0.3880 5.0377 0.1465628 0.1993653 0.4314820
0.1468600 0.2371991E-01 0.1041189E-01 0.8054107E-02 -1 20 11 1 1
0.33849 0.40666 0.3815 7.1216 0.1745330 0.2380504 0.4454039 0.2371985
0.5036081E-01 0.1508731E-01 0.1147660E-01 -1 20 12 1 1 0.44597 0.41647
0.3804 9.6092 0.1949096 0.2699812 0.4681530 0.1901153 0.9953221E-01
0.1492508E-01 0.1466943E-01
* h- *year type xbi ybi zbi &lt;x&gt; &lt;y&gt; &lt;z&gt; &lt;Q2&gt;
&lt;eta&gt; &lt;gamma&gt; &lt;D&gt; A dAstat dAsys dMCstat -1 21 1 1 1
0.00000 0.00000 0.0000 0.0000 0.000000 0.000000 0.000000 0.000000
0.000000 0.000000 0.000000 -1 21 2 1 1 0.00000 0.00000 0.0000 0.0000
0.000000 0.000000 0.000000 0.000000 0.000000 0.000000 0.000000 -1 21 3
1 1 0.00000 0.00000 0.0000 0.0000 0.000000 0.000000 0.000000 0.000000
0.000000 0.000000 0.000000 -1 21 4 1 1 0.03346 0.70200 0.3452 1.2153
0.2608662E-01 0.5697593E-01 0.6984648 -.1245931E-01 0.1617643E-01
0.1282273E-02 0.7149745E-02 -1 21 5 1 1 0.04750 0.59000 0.3638 1.4500
0.4295148E-01 0.7398635E-01 0.5720579 0.7376267E-02 0.1737192E-01
0.1352954E-02 0.8425155E-02 -1 21 6 1 1 0.06460 0.51898 0.3759 1.7345
0.5954335E-01 0.9205417E-01 0.4971526 0.3799676E-01 0.1850938E-01
0.2224643E-02 0.9457981E-02 -1 21 7 1 1 0.08675 0.46965 0.3799 2.1079
0.7736532E-01 0.1121653 0.4507322 0.1786667E-01 0.2121033E-01
0.3252557E-02 0.1126792E-01 -1 21 8 1 1 0.11774 0.43570 0.3812 2.6541
0.9728220E-01 0.1356170 0.4255827 0.7392443E-01 0.2129791E-01
0.3964704E-02 0.1079587E-01 -1 21 9 1 1 0.16511 0.42226 0.3773 3.6070
0.1185894 0.1630974 0.4286318 0.7746033E-01 0.2448192E-01 0.6519746E-02
0.1062260E-01 -1 21 10 1 1 0.23789 0.41635 0.3718 5.1242 0.1437484
0.1972161 0.4416120 0.1712046 0.3147848E-01 0.1034653E-01 0.1065511E-01
-1 21 11 1 1 0.33811 0.41028 0.3671 7.1770 0.1730036 0.2368473
0.4500193 0.3001224 0.6999978E-01 0.1746391E-01 0.1681376E-01 -1 21 12
1 1 0.44606 0.41950 0.3636 9.6812 0.1936408 0.2690206 0.4720501
0.1499115 0.1481322 0.1278348E-01 0.2416546E-01
* pi+ *year type xbi ybi zbi &lt;x&gt; &lt;y&gt; &lt;z&gt; &lt;Q2&gt;
&lt;eta&gt; &lt;gamma&gt; &lt;D&gt; A dAstat dAsys dMCstat -1 30 1 1 1
0.00000 0.00000 0.0000 0.0000 0.000000 0.000000 0.000000 0.000000
0.000000 0.000000 0.000000 -1 30 2 1 1 0.00000 0.00000 0.0000 0.0000
0.000000 0.000000 0.000000 0.000000 0.000000 0.000000 0.000000 -1 30 3
1 1 0.00000 0.00000 0.0000 0.0000 0.000000 0.000000 0.000000 0.000000
0.000000 0.000000 0.000000 -1 30 4 1 1 0.03328 0.70852 0.3534 1.2200
0.2548673E-01 0.5657574E-01 0.7060498 -.1724784E-01 0.1747096E-01
0.1104154E-02 0.7640066E-02 -1 30 5 1 1 0.04736 0.61135 0.4051 1.4979
0.4055429E-01 0.7258920E-01 0.5976315 0.1799284E-01 0.1916266E-01
0.2182594E-02 0.8875957E-02 -1 30 6 1 1 0.06443 0.56153 0.4369 1.8717
0.5370769E-01 0.8835384E-01 0.5484643 0.1304723E-01 0.2008076E-01
0.1609775E-02 0.9535124E-02 -1 30 7 1 1 0.08656 0.52779 0.4582 2.3637
0.6744654E-01 0.1056599 0.5219894 0.4489346E-01 0.2263710E-01
0.2941050E-02 0.1056154E-01 -1 30 8 1 1 0.11760 0.50537 0.4725 3.0749
0.8275118E-01 0.1258756 0.5127553 0.9662837E-01 0.2228195E-01
0.6106231E-02 0.9603102E-02 -1 30 9 1 1 0.16508 0.48998 0.4791 4.1847
0.1014292 0.1514292 0.5153650 0.1206904 0.2572999E-01 0.7944283E-02
0.9289318E-02 -1 30 10 1 1 0.23789 0.47140 0.4877 5.8018 0.1267229
0.1853432 0.5129765 0.1088721 0.3433005E-01 0.7251973E-02 0.9668677E-02
-1 30 11 1 1 0.33825 0.45312 0.4944 7.9295 0.1568168 0.2254254
0.5058542 0.3179064
0.8150538E-01 0.2019409E-01 0.1531232E-01 -1 30 12 1 1 0.44645 0.44320
0.5027 10.2369 0.1833987 0.2618648 0.5030419 0.8558755E-01 0.1694600
0.1146797E-01 0.2148872E-01
* pi- *year type xbi ybi zbi &lt;x&gt; &lt;y&gt; &lt;z&gt; &lt;Q2&gt;
&lt;eta&gt; &lt;gamma&gt; &lt;D&gt; A dAstat dAsys dMCstat -1 31 1 1 1
0.00000 0.00000 0.0000 0.0000 0.000000 0.000000 0.000000 0.000000
0.000000 0.000000 0.000000 -1 31 2 1 1 0.00000 0.00000 0.0000 0.0000
0.000000 0.000000 0.000000 0.000000 0.000000 0.000000 0.000000 -1 31 3
1 1 0.00000 0.00000 0.0000 0.0000 0.000000 0.000000 0.000000 0.000000
0.000000 0.000000 0.000000 -1 31 4 1 1 0.03322 0.71033 0.3501 1.2210
0.2527315E-01 0.5638658E-01 0.7081382 -.1129807E-01 0.1826777E-01
0.1398638E-02 0.7844406E-02 -1 31 5 1 1 0.04731 0.61426 0.4000 1.5035
0.4017267E-01 0.7238634E-01 0.6010855 -.2306307E-01 0.2031056E-01
0.1223026E-02 0.9251563E-02 -1 31 6 1 1 0.06438 0.56056 0.4339 1.8670
0.5381903E-01 0.8845410E-01 0.5472472 0.4571983E-01 0.2177013E-01
0.2800082E-02 0.9957375E-02 -1 31 7 1 1 0.08644 0.53186 0.4514 2.3784
0.6677596E-01 0.1051760 0.5269462 0.5589700E-02 0.2450443E-01
0.1991576E-02 0.1103163E-01 -1 31 8 1 1 0.11753 0.50718 0.4645 3.0838
0.8239746E-01 0.1256192 0.5150141 0.8842965E-01 0.2490081E-01
0.4542711E-02 0.1025441E-01 -1 31 9 1 1 0.16495 0.49139 0.4703 4.1934
0.1010939 0.1511915 0.5170634 0.1438456E-01 0.2982496E-01 0.3496206E-02
0.1047192E-01 -1 31 10 1 1 0.23736 0.47071 0.4775 5.7805 0.1267859
0.1852673 0.5119629 0.2038666 0.4133882E-01 0.1161473E-01 0.1105083E-01
-1 31 11 1 1 0.33748 0.45041 0.4898 7.8639 0.1576211 0.2258290
0.5022566 0.3860217 0.9878092E-01 0.2087953E-01 0.1858411E-01 -1 31 12
1 1 0.45100 0.44222 0.4926 10.3183 0.1846679 0.2634627 0.5020902
-.1323047 0.2158886 0.1815618E-01 0.2824597E-01
* K+ *year type xbi ybi zbi &lt;x&gt; &lt;y&gt; &lt;z&gt; &lt;Q2&gt;
&lt;eta&gt; &lt;gamma&gt; &lt;D&gt; A dAstat dAsys dMCstat -1 40 1 1 1
0.00000 0.00000 0.0000 0.0000 0.000000 0.000000 0.000000 0.000000
0.000000 0.000000 0.000000 -1 40 2 1 1 0.00000 0.00000 0.0000 0.0000
0.000000 0.000000 0.000000 0.000000 0.000000 0.000000 0.000000 -1 40 3
1 1 0.00000 0.00000 0.0000 0.0000 0.000000 0.000000 0.000000 0.000000
0.000000 0.000000 0.000000 -1 40 4 1 1 0.03339 0.70507 0.3829 1.2180
0.2579858E-01 0.5673784E-01 0.7020210 0.4754474E-02 0.4787492E-01
0.2156534E-02 0.2022078E-01 -1 40 5 1 1 0.04750 0.60891 0.4241 1.4964
0.4089299E-01 0.7289299E-01 0.5947387 0.1710136E-01 0.4957398E-01
0.4310161E-02 0.2323406E-01 -1 40 6 1 1 0.06453 0.55652 0.4568 1.8580
0.5439116E-01 0.8879410E-01 0.5424539 0.1469121 0.5040205E-01
0.8258097E-02 0.2446965E-01 -1 40 7 1 1 0.08639 0.52144 0.4844 2.3305
0.6843407E-01 0.1062270 0.5139548 0.1219949 0.5613884E-01 0.7872062E-02
0.2700892E-01 -1 40 8 1 1 0.11768 0.50513 0.4889 3.0754 0.8287498E-01
0.1259156 0.5124722 0.3987244E-01 0.5341820E-01 0.4609048E-02
0.2390696E-01 -1 40 9 1 1 0.16510 0.49467 0.4929 4.2253 0.1003576
0.1507368 0.5213979 0.1436280 0.5928399E-01 0.1038500E-01 0.2285122E-01
-1 40 10 1 1 0.23778 0.47265 0.5027 5.8145 0.1262776 0.1850727
0.5146005 0.1444819 0.7734640E-01 0.1202317E-01 0.2350925E-01 -1 40 11
1 1 0.33581 0.44689 0.5163 7.7640 0.1585385 0.2261719 0.4974321
0.4389339 0.1747490 0.2704898E-01 0.3729026E-01 -1 40 12 1 1 0.44787
0.44012 0.5097 10.1968 0.1850627 0.2632495 0.4991307 0.4641094
0.3691740 0.3999640E-01 0.5361443E-01
* K- *year type xbi ybi zbi &lt;x&gt; &lt;y&gt; &lt;z&gt; &lt;Q2&gt;
&lt;eta&gt; &lt;gamma&gt; &lt;D&gt; A dAstat dAsys dMCstat
-1 41 1 1 1 0.00000 0.00000 0.0000 0.0000 0.000000 0.000000 0.000000
0.000000 0.000000 0.000000 0.000000 -1 41 2 1 1 0.00000 0.00000 0.0000
0.0000 0.000000 0.000000 0.000000 0.000000 0.000000 0.000000 0.000000
-1 41 3 1 1 0.00000 0.00000 0.0000 0.0000 0.000000 0.000000 0.000000
0.000000 0.000000 0.000000 0.000000 -1 41 4 1 1 0.03326 0.71331 0.3543
1.2275 0.2500589E-01 0.5631988E-01 0.7117042 -.4709975E-01
0.5968184E-01 0.3886448E-02 0.2120712E-01 -1 41 5 1 1 0.04735 0.62133
0.3958 1.5222 0.3942961E-01 0.7199591E-01 0.6096092 0.3123504E-01
0.6612711E-01 0.4141273E-02 0.2458446E-01 -1 41 6 1 1 0.06434 0.57040
0.4217 1.8986 0.5248122E-01 0.8759455E-01 0.5592890 0.9678699E-02
0.7012617E-01 0.5120614E-02 0.2621541E-01 -1 41 7 1 1 0.08647 0.54154
0.4351 2.4227 0.6524280E-01 0.1042366 0.5390325 -.5542536E-01
0.8108937E-01 0.4571624E-02 0.2901651E-01 -1 41 8 1 1 0.11768 0.52697
0.4379 3.2084 0.7865683E-01 0.1232767 0.5403212 0.2920514E-01
0.8295336E-01 0.2935393E-02 0.2737013E-01 -1 41 9 1 1 0.16484 0.51184
0.4446 4.3649 0.9628427E-01 0.1480795 0.5434196 0.7220732E-01
0.9930018E-01 0.6891537E-02 0.2789573E-01 -1 41 10 1 1 0.23675 0.49267
0.4426 6.0341 0.1202999 0.1808617 0.5404181 0.8711034E-01 0.1411008
0.6718814E-02 0.3134133E-01 -1 41 11 1 1 0.33606 0.46019 0.4532 7.9987
0.1539558 0.2231077 0.5148158 -.2504102 0.3422237 0.2021094E-01
0.6206108E-01 -1 41 12 1 1 0.44389 0.45683 0.4588 10.4894 0.1772931
0.2571764 0.5206653 1.458450 0.7001030 0.8593512E-01 0.1009852 * pi+
*year type xbi ybi zbi &lt;x&gt; &lt;y&gt; &lt;z&gt; &lt;Q2&gt;
&lt;eta&gt; &lt;gamma&gt; &lt;D&gt; A dAstat dAsys dMCstat -1 32 1 1 1
0.00000 0.00000 0.0000 0.0000 0.000000 0.000000 0.000000 0.000000
0.000000 0.000000 0.000000 -1 32 2 1 1 0.00000 0.00000 0.0000 0.0000
0.000000 0.000000 0.000000 0.000000 0.000000 0.000000 0.000000 -1 32 3
1 1 0.00000 0.00000 0.0000 0.0000 0.000000 0.000000 0.000000 0.000000
0.000000 0.000000 0.000000 -1 32 4 1 1 0.03325 0.70934 0.3519 1.2202
0.2538845E-01 0.5647442E-01 0.7070475 -.5264076E-01 0.1869327
0.1305087E-01 0.1294593 -1 32 5 1 1 0.04734 0.61268 0.4027 1.5005
0.4036594E-01 0.7250000E-01 0.5991974 0.2700616 0.1617565 0.1060513E-01
0.1067769 -1 32 6 1 1 0.06440 0.56109 0.4356 1.8696 0.5371911E-01
0.8836564E-01 0.5479406 -.1864766 0.1548147 0.1183564E-01 0.9456932E-01
-1 32 7 1 1 0.08651 0.52959 0.4552 2.3702 0.6716422E-01 0.1054761
0.5241613 0.2280880 0.1629982 0.8757222E-02 0.9216847E-01 -1 32 8 1 1
0.11758 0.50622 0.4690 3.0793 0.8262316E-01 0.1257500 0.5138565
0.1111355 0.1422743 0.1073783E-01 0.6593445E-01 -1 32 9 1 1 0.16503
0.49063 0.4753 4.1890 0.1012534 0.1512767 0.5161563 0.4602717 0.1393753
0.2262898E-01 0.5244638E-01 -1 32 10 1 1 0.23766 0.47116 0.4835 5.7933
0.1266956 0.1852725 0.5125942 -.1084743 0.1608416 0.3412528E-02
0.4464300E-01 -1 32 11 1 1 0.33797 0.45243 0.4923 7.9110 0.1569689
0.2255113 0.5049315 0.2005882 0.3602547 0.2859815E-01 0.5937448E-01 -1
32 12 1 1 0.44826 0.44344 0.4985 10.2839 0.1836090 0.2623378 0.5035272
0.5010269 0.6477488 0.3560364E-01 0.6955787E-01
* K+ +
*year type xbi ybi zbi &lt;x&gt; &lt;y&gt; &lt;z&gt; &lt;Q2&gt;
&lt;eta&gt; &lt;gamma&gt; &lt;D&gt; A dAstat dAsys dMCstat -1 44 1 1 1
0.00000 0.00000 0.0000 0.0000 0.000000 0.000000 0.000000 0.000000
0.000000 0.000000 0.000000 -1 44 2 1 1 0.00000 0.00000 0.0000 0.0000
0.000000 0.000000 0.000000 0.000000 0.000000 0.000000 0.000000 -1 44 3
1 1 0.00000 0.00000 0.0000 0.0000 0.000000 0.000000 0.000000 0.000000
0.000000 0.000000 0.000000 -1 44 4 1 1 0.03335 0.70815 0.3724 1.2220
0.2553641E-01 0.5665034E-01 0.7056369 -.1610208E-01 0.3716600E-01
0.1556335E-02 0.1483864E-01 -1 44 5 1 1 0.04746 0.61282 0.4153 1.5048
0.4038970E-01 0.7258970E-01 0.5994710 0.2568009E-01 0.3950388E-01
0.3588751E-02 0.1679241E-01 -1 44 6 1 1 0.06448 0.56072 0.4460 1.8704
0.5379143E-01 0.8849429E-01 0.5475712 0.1063524 0.4077278E-01
0.4914224E-02 0.1816566E-01 -1 44 7 1 1 0.08644 0.52700 0.4703 2.3568
0.6755592E-01 0.1056627 0.5209524 0.7091150E-01 0.4600410E-01
0.4226359E-02 0.2007470E-01 -1 44 8 1 1 0.11769 0.51135 0.4752 3.1136
0.8164296E-01 0.1251526 0.5204509 0.3954837E-01 0.4471797E-01
0.3007783E-02 0.1800895E-01 -1 44 9 1 1 0.16507 0.49912 0.4809 4.2624
0.9929232E-01 0.1500585 0.5271406 0.1225719 0.5060462E-01 0.9507484E-02
0.1772517E-01 -1 44 10 1 1 0.23765 0.47781 0.4894 5.8747 0.1247328
0.1839689 0.5212451 0.1347235 0.6707457E-01 0.1032642E-01 0.1892850E-01
-1 44 11 1 1 0.33589 0.44953 0.5039 7.8119 0.1575603 0.2255322
0.5008801 0.2945233 0.1540448 0.1825087E-01 0.3158116E-01 -1 44 12 1 1
0.44716 0.44329 0.4992 10.2551 0.1835125 0.2620971 0.5032073 0.6516555
0.3253540 0.4914768E-01 0.4671328E-01
* h+ +
*year type xbi ybi zbi &lt;x&gt; &lt;y&gt; &lt;z&gt; &lt;Q2&gt;
&lt;eta&gt; &lt;gamma&gt; &lt;D&gt; A dAstat dAsys dMCstat -1 24 1 1 1
0.00000 0.00000 0.0000 0.0000 0.000000 0.000000 0.000000 0.000000
0.000000 0.000000 0.000000 -1 24 2 1 1 0.00000 0.00000 0.0000 0.0000
0.000000 0.000000 0.000000 0.000000 0.000000 0.000000 0.000000 -1 24 3
1 1 0.00000 0.00000 0.0000 0.0000 0.000000 0.000000 0.000000 0.000000
0.000000 0.000000 0.000000 -1 24 4 1 1 0.03348 0.70096 0.3509 1.2143
0.2618669E-01 0.5700000E-01 0.6972058 -.1407776E-02 0.9827046E-02
0.4450796E-03 0.4918310E-02 -1 24 5 1 1 0.04754 0.58816 0.3695 1.4466
0.4316504E-01 0.7417578E-01 0.5698658 0.7946801E-02 0.1045687E-01
0.1146502E-02 0.5646900E-02 -1 24 6 1 1 0.06466 0.51708 0.3809 1.7297
0.5984315E-01 0.9226734E-01 0.4948407 0.4132103E-01 0.1131913E-01
0.1801262E-02 0.6369660E-02 -1 24 7 1 1 0.08685 0.46361 0.3863 2.0831
0.7852771E-01 0.1129518 0.4435070 0.4925271E-01 0.1342547E-01
0.3109662E-02 0.7548339E-02 -1 24 8 1 1 0.11781 0.43023 0.3892 2.6222
0.9851415E-01 0.1365383 0.4188560 0.4915531E-01 0.1374499E-01
0.3230705E-02 0.7129781E-02 -1 24 9 1 1 0.16538 0.41827 0.3863 3.5788
0.1197700 0.1640675 0.4236467 0.1169740 0.1578785E-01 0.7286680E-02
0.6763155E-02 -1 24 10 1 1 0.23823 0.41122 0.3823 5.0683 0.1456081
0.1986107 0.4351114 0.1653263 0.2001474E-01 0.9951435E-02 0.6569144E-02
-1 24 11 1 1 0.33836 0.40796 0.3766 7.1416 0.1739971 0.2376269
0.4470519 0.2741334 0.4324120E-01 0.1521053E-01 0.9522149E-02 -1 24 12
1 1 0.44599 0.41737 0.3751 9.6304 0.1945729 0.2696772 0.4693065
0.1905084 0.8700913E-01 0.1289837E-01 0.1263493E-01
*
*-----------------------------------------------------------------------------
*
*
Targets:
* 1 - proton
* 2 - neutron
* 3 - deuterium
* 4 - helium3
*
* Asymmetry types:
* 10 - DIS e
* 20 - h+ * 21 - h- * 22 - (h+ - h-) * 30 - pi+ * 31 - pi- * 32 - (pi+
- pi-) * 40 - K+ * 41 - K- * 42 - (K+ - K-) * 43 - K0s
* 50 - p * 51 - p_bar * 52 - (p - p_bar) * 60 - non-pion+ * 61 -
non-pion- * 62 - (non-pion+ - non-pion-)
*
*---------------------

