#************************************************************************
# 
#    These are published data of the HERMES Collaboration.
#    You are free to use these data in any publication. 
#    However, you must make a reference to the following publication:
# 
#    A. Airapetian et al, Phys. Rev. D 87 (2013) 074029 
# 
#************************************************************************
# 
# Covariance matrices for the multiplicities from HERMES
# Configuration: zx-3D (x: 9, z: 6, Php: 4)
# Projected to: 1D (x: 9)
# Target: H
# Optional settings: VM subtracted
#
#  i    j           pi+           pi-            K+            K-
   0    0  4.681890e-06  3.520873e-06  1.091257e-06  5.257632e-07
   0    1 -6.158182e-07 -4.509275e-07 -1.420041e-07 -6.636310e-08
   0    2  3.762413e-08  2.830058e-08  8.258484e-09  3.724365e-09
   0    3 -2.177244e-08 -1.461863e-08 -5.252825e-09 -1.532830e-09
   0    4 -6.188683e-09 -3.493226e-09 -1.501693e-09 -4.727516e-10
   0    5 -6.622964e-09 -3.823908e-09 -1.391275e-09 -2.510612e-10
   0    6 -3.128666e-09 -1.493810e-09 -4.814325e-10 -7.388701e-11
   0    7 -2.724450e-11 -8.645031e-11 -2.584808e-11  7.256779e-12
   0    8  3.982503e-10  2.617792e-10  1.209743e-10  5.148695e-12
   1    0 -6.158182e-07 -4.509275e-07 -1.420041e-07 -6.636310e-08
   1    1  2.879923e-06  2.114006e-06  6.432753e-07  3.053408e-07
   1    2 -5.679168e-07 -4.066063e-07 -1.224269e-07 -5.494171e-08
   1    3  5.424895e-08  3.717199e-08  1.039142e-08  4.515328e-09
   1    4 -2.216704e-08 -1.393912e-08 -4.791185e-09 -1.455701e-09
   1    5 -4.418161e-09 -2.659165e-09 -1.057024e-09 -3.523692e-10
   1    6 -3.245488e-09 -1.644264e-09 -7.142933e-10 -4.420227e-11
   1    7 -1.613229e-09 -7.327310e-10 -2.022030e-10  4.070714e-11
   1    8 -8.357588e-11  2.506674e-10 -1.231545e-11  1.203703e-11
   2    0  3.762413e-08  2.830058e-08  8.258484e-09  3.724365e-09
   2    1 -5.679168e-07 -4.066063e-07 -1.224269e-07 -5.494171e-08
   2    2  2.319073e-06  1.696654e-06  4.987706e-07  2.371225e-07
   2    3 -5.973227e-07 -4.091358e-07 -1.230138e-07 -4.941218e-08
   2    4  5.183609e-08  3.618492e-08  9.240922e-09  4.156196e-09
   2    5 -2.032029e-08 -1.226196e-08 -4.174296e-09 -1.272928e-09
   2    6 -2.582588e-09 -1.423783e-09 -4.563626e-10 -1.222398e-10
   2    7 -2.781370e-09 -1.802163e-09 -8.672494e-10 -1.313461e-10
   2    8 -8.581749e-10 -1.609178e-10  3.459000e-10 -8.196678e-12
   3    0 -2.177244e-08 -1.461863e-08 -5.252825e-09 -1.532830e-09
   3    1  5.424895e-08  3.717199e-08  1.039142e-08  4.515328e-09
   3    2 -5.973227e-07 -4.091358e-07 -1.230138e-07 -4.941218e-08
   3    3  2.417979e-06  1.657695e-06  4.991499e-07  2.055248e-07
   3    4 -5.887845e-07 -3.836734e-07 -1.115259e-07 -4.315424e-08
   3    5  7.120272e-08  4.397213e-08  1.243198e-08  4.596267e-09
   3    6 -2.078191e-08 -1.243757e-08 -4.822351e-09 -1.269719e-09
   3    7 -1.578161e-10 -2.317052e-10  1.127566e-10 -1.807806e-11
   3    8 -4.449041e-09 -1.564112e-09 -1.920711e-09  5.714311e-11
   4    0 -6.188683e-09 -3.493226e-09 -1.501693e-09 -4.727516e-10
   4    1 -2.216704e-08 -1.393912e-08 -4.791185e-09 -1.455701e-09
   4    2  5.183609e-08  3.618492e-08  9.240922e-09  4.156196e-09
   4    3 -5.887845e-07 -3.836734e-07 -1.115259e-07 -4.315424e-08
   4    4  2.274117e-06  1.554850e-06  4.475987e-07  1.902328e-07
   4    5 -6.000031e-07 -3.925318e-07 -1.192813e-07 -4.516619e-08
   4    6  7.639902e-08  4.886028e-08  1.445227e-08  5.443021e-09
   4    7 -3.325703e-08 -1.996939e-08 -7.151747e-09 -2.121066e-09
   4    8  4.609903e-10  7.808574e-10 -7.081125e-10 -5.717356e-11
   5    0 -6.622964e-09 -3.823908e-09 -1.391275e-09 -2.510612e-10
   5    1 -4.418161e-09 -2.659165e-09 -1.057024e-09 -3.523692e-10
   5    2 -2.032029e-08 -1.226196e-08 -4.174296e-09 -1.272928e-09
   5    3  7.120272e-08  4.397213e-08  1.243198e-08  4.596267e-09
   5    4 -6.000031e-07 -3.925318e-07 -1.192813e-07 -4.516619e-08
   5    5  3.109905e-06  2.122545e-06  6.740010e-07  2.941985e-07
   5    6 -8.332668e-07 -5.461109e-07 -1.947975e-07 -8.014599e-08
   5    7  2.110840e-07  1.354067e-07  4.839105e-08  2.023147e-08
   5    8 -8.866893e-08 -5.556631e-08 -1.930836e-08 -7.086940e-09
   6    0 -3.128666e-09 -1.493810e-09 -4.814325e-10 -7.388701e-11
   6    1 -3.245488e-09 -1.644264e-09 -7.142933e-10 -4.420227e-11
   6    2 -2.582588e-09 -1.423783e-09 -4.563626e-10 -1.222398e-10
   6    3 -2.078191e-08 -1.243757e-08 -4.822351e-09 -1.269719e-09
   6    4  7.639902e-08  4.886028e-08  1.445227e-08  5.443021e-09
   6    5 -8.332668e-07 -5.461109e-07 -1.947975e-07 -8.014599e-08
   6    6  5.204522e-06  3.558123e-06  1.397171e-06  6.155516e-07
   6    7 -2.282218e-06 -1.505296e-06 -6.091966e-07 -2.364981e-07
   6    8  6.066952e-07  4.049633e-07  1.364924e-07  5.373276e-08
   7    0 -2.724450e-11 -8.645031e-11 -3.449843e-11  1.306755e-11
   7    1 -1.613229e-09 -7.327310e-10 -1.613952e-10  4.663501e-11
   7    2 -2.781370e-09 -1.802163e-09 -9.313887e-10 -1.376581e-10
   7    3 -1.578161e-10 -2.317052e-10  9.619944e-11 -4.543491e-11
   7    4 -3.325703e-08 -1.996939e-08 -7.330097e-09 -2.181543e-09
   7    5  2.110840e-07  1.354067e-07  5.023552e-08  2.051559e-08
   7    6 -2.282218e-06 -1.505296e-06 -6.380284e-07 -2.384034e-07
   7    7  2.422586e-05  1.626770e-05  7.328895e-06  2.793623e-06
   7    8 -1.143650e-05 -7.714358e-06 -2.776278e-06 -1.029211e-06
   8    0  4.070338e-10  2.790259e-10  1.395970e-10  2.588970e-11
   8    1 -8.065715e-11  2.537576e-10 -1.819672e-11  1.723296e-11
   8    2 -8.616880e-10 -1.097743e-10  3.669754e-10 -4.673930e-11
   8    3 -4.468322e-09 -1.582886e-09 -2.260388e-09  6.260296e-11
   8    4  5.019287e-10  8.439419e-10  4.297271e-11  4.980502e-10
   8    5 -8.934143e-08 -5.598878e-08 -3.157888e-08 -1.070268e-08
   8    6  6.140935e-07  4.066392e-07  2.970628e-07  8.318244e-08
   8    7 -1.159667e-05 -7.744607e-06 -5.897151e-06 -1.619825e-06
   8    8  9.913822e-05  6.789738e-05  5.349595e-05  1.232315e-05
