#************************************************************************
# 
#    These are published data of the HERMES Collaboration.
#    You are free to use these data in any publication. 
#    However, you must make a reference to the following publication:
# 
#    A. Airapetian et al, Phys. Rev. D 87 (2013) 074029 
# 
#************************************************************************
# 
# Covariance matrices for the multiplicities from HERMES
# Configuration: zx-3D (x: 9, z: 6, Php: 4)
# Projected to: 1D (x: 9)
# Target: D
# Optional settings: VM subtracted
#
#  i    j           pi+           pi-            K+            K-
   0    0  3.457938e-06  2.959823e-06  8.696941e-07  4.413432e-07
   0    1 -4.624723e-07 -3.804293e-07 -1.134089e-07 -5.380936e-08
   0    2  2.731093e-08  2.091484e-08  6.457721e-09  3.063108e-09
   0    3 -1.667983e-08 -1.236023e-08 -4.108970e-09 -1.629672e-09
   0    4 -5.443674e-09 -4.494998e-09 -1.119020e-09 -2.990542e-10
   0    5 -4.706130e-09 -3.118786e-09 -1.023599e-09 -2.111832e-10
   0    6 -2.440620e-09 -1.577174e-09 -3.001207e-10 -4.925409e-11
   0    7  9.483751e-11 -3.329979e-11 -2.341317e-11  2.898694e-11
   0    8  3.543163e-10  3.657263e-10  6.873004e-11  2.659825e-12
   1    0 -4.624723e-07 -3.804293e-07 -1.134089e-07 -5.380936e-08
   1    1  2.282231e-06  1.868472e-06  5.305599e-07  2.618293e-07
   1    2 -4.534963e-07 -3.585892e-07 -1.016255e-07 -4.837862e-08
   1    3  4.338293e-08  3.404184e-08  8.754526e-09  3.867653e-09
   1    4 -1.784889e-08 -1.329591e-08 -3.904305e-09 -1.273690e-09
   1    5 -3.621840e-09 -2.495868e-09 -5.716163e-10 -1.945457e-10
   1    6 -2.499009e-09 -1.830895e-09 -8.519628e-10 -1.495615e-10
   1    7 -1.084796e-09 -2.209621e-10 -2.293035e-10  6.709447e-12
   1    8  2.278437e-10 -1.039151e-10  1.550389e-10 -5.502687e-12
   2    0  2.731093e-08  2.091484e-08  6.457721e-09  3.063108e-09
   2    1 -4.534963e-07 -3.585892e-07 -1.016255e-07 -4.837862e-08
   2    2  1.936114e-06  1.550315e-06  4.196511e-07  2.132711e-07
   2    3 -5.019462e-07 -3.874018e-07 -1.014158e-07 -4.391994e-08
   2    4  4.321699e-08  3.309941e-08  7.542157e-09  3.258599e-09
   2    5 -1.670607e-08 -1.155639e-08 -3.452984e-09 -1.176590e-09
   2    6 -2.353033e-09 -9.041074e-10 -5.573987e-10 -1.496430e-10
   2    7 -1.511158e-09 -1.566847e-09 -4.757090e-10 -1.102653e-10
   2    8 -1.056530e-09 -2.212735e-11 -4.245102e-10 -3.687720e-11
   3    0 -1.667983e-08 -1.236023e-08 -4.108970e-09 -1.629672e-09
   3    1  4.338293e-08  3.404184e-08  8.754526e-09  3.867653e-09
   3    2 -5.019462e-07 -3.874018e-07 -1.014158e-07 -4.391994e-08
   3    3  2.097629e-06  1.663914e-06  4.337851e-07  1.864443e-07
   3    4 -5.023277e-07 -3.870080e-07 -9.839375e-08 -3.820347e-08
   3    5  5.861747e-08  4.369699e-08  1.035123e-08  3.589774e-09
   3    6 -1.663291e-08 -1.220220e-08 -3.934458e-09 -9.321777e-10
   3    7 -1.838066e-09  5.032946e-10 -5.853804e-10 -2.099158e-11
   3    8 -2.348931e-09 -2.921906e-09 -4.430459e-10 -1.187099e-10
   4    0 -5.443674e-09 -4.494998e-09 -1.119020e-09 -2.990542e-10
   4    1 -1.784889e-08 -1.329591e-08 -3.904305e-09 -1.273690e-09
   4    2  4.321699e-08  3.309941e-08  7.542157e-09  3.258599e-09
   4    3 -5.023277e-07 -3.870080e-07 -9.839375e-08 -3.820347e-08
   4    4  1.955973e-06  1.565427e-06  4.147099e-07  1.754833e-07
   4    5 -5.087004e-07 -3.901518e-07 -1.051210e-07 -4.054177e-08
   4    6  6.396989e-08  4.979036e-08  1.200448e-08  4.700499e-09
   4    7 -2.623548e-08 -2.132002e-08 -5.764536e-09 -2.204081e-09
   4    8 -1.324166e-10  1.918701e-09  8.144840e-10  5.362696e-10
   5    0 -4.706130e-09 -3.118786e-09 -1.023599e-09 -2.111832e-10
   5    1 -3.621840e-09 -2.495868e-09 -5.716163e-10 -1.945457e-10
   5    2 -1.670607e-08 -1.155639e-08 -3.452984e-09 -1.176590e-09
   5    3  5.861747e-08  4.369699e-08  1.035123e-08  3.589774e-09
   5    4 -5.087004e-07 -3.901518e-07 -1.051210e-07 -4.054177e-08
   5    5  2.669019e-06  2.091952e-06  5.979023e-07  2.659226e-07
   5    6 -7.092755e-07 -5.522005e-07 -1.569911e-07 -6.338479e-08
   5    7  1.826265e-07  1.386626e-07  4.119110e-08  1.615893e-08
   5    8 -7.523529e-08 -5.370336e-08 -1.545521e-08 -5.531579e-09
   6    0 -2.440620e-09 -1.577174e-09 -3.001207e-10 -4.896414e-11
   6    1 -2.499009e-09 -1.830895e-09 -8.519628e-10 -1.468718e-10
   6    2 -2.353033e-09 -9.041074e-10 -5.573987e-10 -1.497742e-10
   6    3 -1.663291e-08 -1.220220e-08 -3.934458e-09 -9.405931e-10
   6    4  6.396989e-08  4.979036e-08  1.200448e-08  4.713819e-09
   6    5 -7.092755e-07 -5.522005e-07 -1.569911e-07 -6.347151e-08
   6    6  4.645842e-06  3.679821e-06  1.161491e-06  4.960624e-07
   6    7 -2.075246e-06 -1.596969e-06 -5.407033e-07 -2.206649e-07
   6    8  5.811717e-07  4.356534e-07  1.262158e-07  5.808857e-08
   7    0  9.483751e-11 -3.329979e-11 -9.657990e-12  3.016167e-11
   7    1 -1.084796e-09 -2.209621e-10 -2.021218e-10  1.023336e-11
   7    2 -1.511158e-09 -1.566847e-09 -4.764003e-10 -1.067084e-10
   7    3 -1.838066e-09  5.032946e-10 -6.401909e-10 -4.607170e-12
   7    4 -2.623548e-08 -2.132002e-08 -5.816289e-09 -2.312642e-09
   7    5  1.826265e-07  1.386626e-07  4.141248e-08  1.697840e-08
   7    6 -2.075246e-06 -1.596969e-06 -5.427462e-07 -2.330156e-07
   7    7  2.269220e-05  1.813169e-05  7.194111e-06  2.991449e-06
   7    8 -1.071018e-05 -8.460091e-06 -2.905993e-06 -1.290937e-06
   8    0  3.576766e-10  3.681961e-10  6.253329e-11 -1.553874e-11
   8    1  2.286162e-10 -1.032887e-10  1.827538e-10 -1.673265e-11
   8    2 -1.058986e-09 -2.365791e-11 -3.563187e-10  2.434253e-11
   8    3 -2.346150e-09 -2.926266e-09 -6.656636e-10 -2.770611e-10
   8    4 -1.109591e-10  1.923001e-09  8.143483e-10  9.525225e-10
   8    5 -7.558551e-08 -5.376885e-08 -1.733652e-08 -9.511961e-09
   8    6  5.858824e-07  4.359977e-07  1.616492e-07  9.116556e-08
   8    7 -1.079361e-05 -8.465014e-06 -3.688097e-06 -1.882142e-06
   8    8  9.248684e-05  7.351040e-05  3.266554e-05  1.776736e-05
