#************************************************************************
# 
#    These are published data of the HERMES Collaboration.
#    You are free to use these data in any publication. 
#    However, you must make a reference to the following publication:
# 
#    A. Airapetian et al, Phys. Rev. D 87 (2013) 074029 
# 
#************************************************************************
# 
# Covariance matrices for the K/pi multiplicity ratios from HERMES
# Configuration: zx-3D (x: 9, z: 6, Php: 4)
# Projected to: 1D (x: 9)
# Target: H
# Optional settings: VM subtracted
#
#  i    j        K+/pi+        K-/pi-
   0    0  5.975338e-06  4.292096e-06
   0    1 -8.187669e-07 -5.897117e-07
   0    2  4.922010e-08  3.492736e-08
   0    3 -3.196186e-08 -1.591849e-08
   0    4 -9.271494e-09 -4.976085e-09
   0    5 -8.834108e-09 -2.978597e-09
   0    6 -3.237472e-09 -9.465054e-10
   0    7 -1.408591e-10  5.991007e-11
   0    8  6.707327e-10  7.734130e-11
   1    0 -8.187669e-07 -5.897117e-07
   1    1  3.917950e-06  2.954746e-06
   1    2 -7.692391e-07 -5.584741e-07
   1    3  6.879023e-08  5.014670e-08
   1    4 -3.159372e-08 -1.709657e-08
   1    5 -6.927370e-09 -4.158724e-09
   1    6 -4.739233e-09 -7.289712e-10
   1    7 -1.460582e-09  3.301858e-10
   1    8 -8.026023e-11  1.515410e-10
   2    0  4.922010e-08  3.492736e-08
   2    1 -7.692391e-07 -5.584741e-07
   2    2  3.217099e-06  2.506742e-06
   2    3 -8.260319e-07 -5.729159e-07
   2    4  6.440798e-08  5.040617e-08
   2    5 -2.869345e-08 -1.605879e-08
   2    6 -3.221353e-09 -1.605191e-09
   2    7 -5.515341e-09 -1.734093e-09
   2    8  1.676568e-09 -1.058659e-10
   3    0 -3.196186e-08 -1.591849e-08
   3    1  6.879023e-08  5.014670e-08
   3    2 -8.260319e-07 -5.729159e-07
   3    3  3.465765e-06  2.572063e-06
   3    4 -7.961354e-07 -5.672316e-07
   3    5  9.069765e-08  6.262726e-08
   3    6 -3.369995e-08 -1.762340e-08
   3    7  6.274137e-10 -2.545275e-10
   3    8 -1.152519e-08  4.692665e-10
   4    0 -9.271494e-09 -4.976085e-09
   4    1 -3.159372e-08 -1.709657e-08
   4    2  6.440798e-08  5.040617e-08
   4    3 -7.961354e-07 -5.672316e-07
   4    4  3.224018e-06  2.585279e-06
   4    5 -8.649567e-07 -6.352278e-07
   4    6  1.057320e-07  7.796456e-08
   4    7 -5.009645e-08 -3.003593e-08
   4    8 -3.903369e-09 -5.930509e-10
   5    0 -8.834108e-09 -2.978597e-09
   5    1 -6.927370e-09 -4.158724e-09
   5    2 -2.869345e-08 -1.605879e-08
   5    3  9.069765e-08  6.262726e-08
   5    4 -8.649567e-07 -6.352278e-07
   5    5  4.866317e-06  4.199314e-06
   5    6 -1.391606e-06 -1.155825e-06
   5    7  3.386110e-07  2.870765e-07
   5    8 -1.276193e-07 -9.451116e-08
   6    0 -3.237472e-09 -9.465054e-10
   6    1 -4.739233e-09 -7.289712e-10
   6    2 -3.221353e-09 -1.605191e-09
   6    3 -3.369995e-08 -1.762340e-08
   6    4  1.057320e-07  7.796456e-08
   6    5 -1.391606e-06 -1.155825e-06
   6    6  9.792391e-06  8.903938e-06
   6    7 -4.174397e-06 -3.392104e-06
   6    8  8.982088e-07  7.249258e-07
   7    0 -1.861358e-10  1.171299e-10
   7    1 -1.236300e-09  3.936732e-10
   7    2 -5.878665e-09 -1.805033e-09
   7    3  5.301623e-10 -5.906093e-10
   7    4 -5.116449e-08 -3.081253e-08
   7    5  3.497066e-07  2.908359e-07
   7    6 -4.346105e-06 -3.417569e-06
   7    7  4.831816e-05  3.925639e-05
   7    8 -1.765442e-05 -1.367236e-05
   8    0  7.642029e-10  2.703432e-10
   8    1 -1.101382e-10  2.039717e-10
   8    2  1.788352e-09 -5.047640e-10
   8    3 -1.340881e-08  5.297543e-10
   8    4  3.424239e-10  6.083091e-09
   8    5 -1.973014e-07 -1.393111e-07
   8    6  1.800776e-06  1.093302e-06
   8    7 -3.483088e-05 -2.096912e-05
   8    8  2.958459e-04  1.495812e-04
