#************************************************************************
# 
#    These are published data of the HERMES Collaboration.
#    You are free to use these data in any publication. 
#    However, you must make a reference to the following publication:
# 
#    A. Airapetian et al, Phys. Rev. D 87 (2013) 074029 
# 
#************************************************************************
# 
# Covariance matrices for the K/pi multiplicity ratios from HERMES
# Configuration: zx-3D (x: 9, z: 6, Php: 4)
# Projected to: 1D (x: 9)
# Target: D
# Optional settings: VM subtracted
#
#  i    j        K+/pi+        K-/pi-
   0    0  5.635946e-06  3.407377e-06
   0    1 -7.519990e-07 -4.440913e-07
   0    2  4.396456e-08  2.612794e-08
   0    3 -2.841245e-08 -1.465555e-08
   0    4 -8.226151e-09 -2.994956e-09
   0    5 -7.556497e-09 -2.225731e-09
   0    6 -2.473290e-09 -6.037590e-10
   0    7 -1.187126e-10  2.473786e-10
   0    8  4.950709e-10  6.891020e-11
   1    0 -7.519990e-07 -4.440913e-07
   1    1  3.613999e-06  2.300177e-06
   1    2 -7.108757e-07 -4.423440e-07
   1    3  6.349630e-08  3.752208e-08
   1    4 -2.898713e-08 -1.289527e-08
   1    5 -4.540896e-09 -2.132293e-09
   1    6 -6.056913e-09 -1.613939e-09
   1    7 -1.696004e-09  3.674112e-11
   1    8  1.006941e-09 -6.289019e-11
   2    0  4.396456e-08  2.612794e-08
   2    1 -7.108757e-07 -4.423440e-07
   2    2  3.013400e-06  2.018414e-06
   2    3 -7.512252e-07 -4.419037e-07
   2    4  5.930704e-08  3.409403e-08
   2    5 -2.675024e-08 -1.293752e-08
   2    6 -4.228624e-09 -1.570048e-09
   2    7 -3.405447e-09 -1.240188e-09
   2    8 -2.918526e-09 -3.456287e-10
   3    0 -2.841245e-08 -1.465555e-08
   3    1  6.349630e-08  3.752208e-08
   3    2 -7.512252e-07 -4.419037e-07
   3    3  3.268672e-06  1.960551e-06
   3    4 -7.743769e-07 -4.166761e-07
   3    5  8.390451e-08  4.209511e-08
   3    6 -3.049051e-08 -1.093102e-08
   3    7 -4.279558e-09 -1.595485e-10
   3    8 -3.405137e-09 -1.526046e-09
   4    0 -8.226151e-09 -2.994956e-09
   4    1 -2.898713e-08 -1.289527e-08
   4    2  5.930704e-08  3.409403e-08
   4    3 -7.743769e-07 -4.166761e-07
   4    4  3.341661e-06  1.940342e-06
   4    5 -8.612233e-07 -4.757926e-07
   4    6  9.978865e-08  5.527165e-08
   4    7 -4.577421e-08 -2.527932e-08
   4    8  5.408784e-09  5.653825e-09
   5    0 -7.556497e-09 -2.225731e-09
   5    1 -4.540896e-09 -2.132293e-09
   5    2 -2.675024e-08 -1.293752e-08
   5    3  8.390451e-08  4.209511e-08
   5    4 -8.612233e-07 -4.757926e-07
   5    5  4.903902e-06  3.236796e-06
   5    6 -1.288356e-06 -7.730414e-07
   5    7  3.300050e-07  1.934490e-07
   5    8 -1.230344e-07 -6.588460e-08
   6    0 -2.473290e-09 -6.011917e-10
   6    1 -6.056913e-09 -1.588536e-09
   6    2 -4.228624e-09 -1.571335e-09
   6    3 -3.049051e-08 -1.101840e-08
   6    4  9.978865e-08  5.541388e-08
   6    5 -1.288356e-06 -7.740169e-07
   6    6  9.359854e-06  5.950108e-06
   6    7 -4.239560e-06 -2.594742e-06
   6    8  9.955422e-07  6.710126e-07
   7    0 -3.509911e-11  2.575529e-10
   7    1 -1.527150e-09  6.929508e-11
   7    2 -3.409836e-09 -1.206026e-09
   7    3 -4.637152e-09  6.849523e-12
   7    4 -4.612301e-08 -2.641323e-08
   7    5  3.315158e-07  2.024662e-07
   7    6 -4.253426e-06 -2.730538e-06
   7    7  5.382328e-05  3.415872e-05
   7    8 -2.175763e-05 -1.450276e-05
   8    0  4.585047e-10 -8.326621e-11
   8    1  1.177759e-09 -1.631767e-10
   8    2 -2.490024e-09  2.230398e-10
   8    3 -4.844026e-09 -3.082480e-09
   8    4  5.413075e-09  9.860702e-09
   8    5 -1.358450e-07 -1.082677e-07
   8    6  1.235102e-06  1.022909e-06
   8    7 -2.689617e-05 -2.065473e-05
   8    8  2.335888e-04  1.895998e-04
