#************************************************************************
# 
#    These are published data of the HERMES Collaboration.
#    You are free to use these data in any publication. 
#    However, you must make a reference to the following publication:
# 
#    A. Airapetian et al, Phys. Rev. D 87 (2013) 074029 
# 
#************************************************************************
# 
# Covariance matrices for the target asymmetries from HERMES
# Configuration: zx-3D (x: 9, z: 6, Php: 4)
# Projected to: 1D (x: 9)
# Optional settings: VM subtracted
#
#  i    j           pi+           pi-            K+            K-
   0    0  1.029936e-05  1.162237e-05  6.377908e-05  1.062888e-04
   0    1 -1.416983e-06 -1.607024e-06 -8.638655e-06 -1.448556e-05
   0    2  8.752116e-08  9.966335e-08  5.198026e-07  8.928166e-07
   0    3 -5.362640e-08 -5.863886e-08 -3.516645e-07 -5.048094e-07
   0    4 -1.671884e-08 -1.776609e-08 -1.016847e-07 -1.339614e-07
   0    5 -1.628707e-08 -1.631423e-08 -9.299174e-08 -8.307979e-08
   0    6 -7.970759e-09 -7.197676e-09 -2.809439e-08 -2.213620e-08
   0    7  1.081603e-10 -2.841306e-10 -1.732369e-09  6.235576e-09
   0    8  1.019441e-09  1.367055e-09  6.643550e-09  1.293388e-09
   1    0 -1.416983e-06 -1.607024e-06 -8.638655e-06 -1.448556e-05
   1    1  7.052731e-06  8.290048e-06  4.132962e-05  7.497813e-05
   1    2 -1.433203e-06 -1.664324e-06 -8.242366e-06 -1.489466e-05
   1    3  1.414875e-07  1.664523e-07  7.495969e-07  1.471521e-06
   1    4 -5.948475e-08 -6.591253e-08 -3.515444e-07 -5.164839e-07
   1    5 -1.205488e-08 -1.300525e-08 -6.464214e-08 -1.085479e-07
   1    6 -8.527777e-09 -8.756756e-09 -6.013724e-08 -3.885594e-08
   1    7 -3.893997e-09 -2.464448e-09 -1.586676e-08  9.329614e-09
   1    8  2.415262e-10  3.948926e-10  5.944216e-09  1.577316e-09
   2    0  8.752116e-08  9.966335e-08  5.198026e-07  8.928166e-07
   2    1 -1.433203e-06 -1.664324e-06 -8.242366e-06 -1.489466e-05
   2    2  6.137788e-06  7.371830e-06  3.531258e-05  7.080229e-05
   2    3 -1.637694e-06 -1.942957e-06 -9.174148e-06 -1.786467e-05
   2    4  1.452184e-07  1.754740e-07  7.092182e-07  1.535797e-06
   2    5 -5.700428e-08 -6.277009e-08 -3.202275e-07 -5.257603e-07
   2    6 -7.561799e-09 -6.251368e-09 -4.055578e-08 -5.863556e-08
   2    7 -6.326881e-09 -8.796137e-09 -5.087185e-08 -5.091301e-08
   2    8 -2.796197e-09 -4.733830e-10 -5.448835e-09 -7.642512e-09
   3    0 -5.362640e-08 -5.863886e-08 -3.516645e-07 -5.048094e-07
   3    1  1.414875e-07  1.664523e-07  7.495969e-07  1.471521e-06
   3    2 -1.637694e-06 -1.942957e-06 -9.174148e-06 -1.786467e-05
   3    3  6.952035e-06  8.693538e-06  4.062317e-05  9.129071e-05
   3    4 -1.722415e-06 -2.090772e-06 -9.446920e-06 -2.044740e-05
   3    5  2.064079e-07  2.479762e-07  1.017584e-06  2.149141e-06
   3    6 -5.896974e-08 -7.006035e-08 -3.677723e-07 -5.776618e-07
   3    7 -3.225117e-09  5.636457e-10 -2.044759e-08 -9.936466e-09
   3    8 -9.916236e-09 -1.163429e-08 -9.271497e-08 -7.365005e-09
   4    0 -1.671884e-08 -1.776609e-08 -1.016847e-07 -1.339614e-07
   4    1 -5.948475e-08 -6.591253e-08 -3.515444e-07 -5.164839e-07
   4    2  1.452184e-07  1.754740e-07  7.092182e-07  1.535797e-06
   4    3 -1.722415e-06 -2.090772e-06 -9.446920e-06 -2.044740e-05
   4    4  6.851144e-06  8.777537e-06  4.012189e-05  9.900124e-05
   4    5 -1.809624e-06 -2.295295e-06 -1.037032e-05 -2.417354e-05
   4    6  2.272156e-07  2.903096e-07  1.148886e-06  2.868835e-06
   4    7 -9.383103e-08 -1.191424e-07 -5.413295e-07 -1.188849e-06
   4    8  4.273910e-10  7.164016e-09  9.179969e-09  9.260381e-08
   5    0 -1.628707e-08 -1.631423e-08 -9.299174e-08 -8.307979e-08
   5    1 -1.205488e-08 -1.300525e-08 -6.464214e-08 -1.085479e-07
   5    2 -5.700428e-08 -6.277009e-08 -3.202275e-07 -5.257603e-07
   5    3  2.064079e-07  2.479762e-07  1.017584e-06  2.149141e-06
   5    4 -1.809624e-06 -2.295295e-06 -1.037032e-05 -2.417354e-05
   5    5  9.513274e-06  1.288201e-05  5.843076e-05  1.644000e-04
   5    6 -2.518690e-06 -3.369021e-06 -1.516559e-05 -4.227650e-05
   5    7  6.277653e-07  8.258085e-07  3.732507e-06  1.050166e-05
   5    8 -2.517902e-07 -3.139536e-07 -1.468265e-06 -3.342546e-06
   6    0 -7.970759e-09 -7.197676e-09 -2.809439e-08 -2.208276e-08
   6    1 -8.527777e-09 -8.756756e-09 -6.013724e-08 -3.831093e-08
   6    2 -7.561799e-09 -6.251368e-09 -4.055578e-08 -5.866393e-08
   6    3 -5.896974e-08 -7.006035e-08 -3.677723e-07 -5.798696e-07
   6    4  2.272156e-07  2.903096e-07  1.148886e-06  2.872552e-06
   6    5 -2.518690e-06 -3.369021e-06 -1.516559e-05 -4.230172e-05
   6    6  1.598340e-05  2.228166e-05  1.039638e-04  3.283019e-04
   6    7 -6.904555e-06 -9.374612e-06 -4.514320e-05 -1.317806e-04
   6    8  1.820522e-06  2.416132e-06  1.052752e-05  2.881824e-05
   7    0  1.081603e-10 -2.841306e-10 -1.512174e-09  7.488401e-09
   7    1 -3.893997e-09 -2.464448e-09 -1.339941e-08  1.116344e-08
   7    2 -6.326881e-09 -8.796137e-09 -5.327229e-08 -5.159533e-08
   7    3 -3.225117e-09  5.636457e-10 -2.341914e-08 -1.334064e-08
   7    4 -9.383103e-08 -1.191424e-07 -5.508703e-07 -1.234494e-06
   7    5  6.277653e-07  8.258085e-07  3.816198e-06  1.080781e-05
   7    6 -6.904555e-06 -9.374612e-06 -4.629397e-05 -1.358656e-04
   7    7  7.261999e-05  1.019042e-04  5.505676e-04  1.619958e-03
   7    8 -3.308633e-05 -4.564669e-05 -2.201031e-04 -5.770072e-04
   8    0  1.035250e-09  1.411881e-09  7.003561e-09  2.607373e-09
   8    1  2.464733e-10  4.040155e-10  6.882416e-09  9.464051e-10
   8    2 -2.804715e-09 -3.427851e-10 -1.821401e-09 -6.466472e-09
   8    3 -9.938335e-09 -1.169872e-08 -1.156388e-07 -3.626564e-08
   8    4  5.205991e-10  7.363525e-09  3.906798e-08  3.407385e-07
   8    5 -2.533288e-07 -3.154308e-07 -2.033665e-06 -5.294134e-06
   8    6  1.838742e-06  2.422265e-06  1.786688e-05  4.489435e-05
   8    7 -3.344126e-05 -4.575247e-05 -3.641634e-04 -8.768485e-04
   8    8  2.764415e-04  3.801426e-04  3.304155e-03  6.632484e-03
