#************************************************************************
# 
#    These are published data of the HERMES Collaboration.
#    You are free to use these data in any publication. 
#    However, you must make a reference to the following publication:
# 
#    A. Airapetian et al, Phys. Rev. D 87 (2013) 074029 
# 
#************************************************************************
# 
# Pion charge asymmetry from HERMES
# Configuration: zx-3D (x: 9, z: 6, Php: 4)
# Projected to: 2D (x: 9, z: 6)
# Target: H
# Optional settings: VM subtracted
#
#  i    A(pi+,pi-)    stat (+/-)    syst (+/-)            Q2             x             z           Php
   0  6.823846e-02  5.371162e-03  1.303241e-02  1.193053e+00  3.352578e-02  1.607582e-01  4.096357e-01
   1  8.151140e-02  4.846439e-03  9.302455e-03  1.193053e+00  3.352578e-02  2.626495e-01  4.399140e-01
   2  1.153911e-01  6.731640e-03  8.124064e-03  1.193053e+00  3.352578e-02  3.614453e-01  4.706993e-01
   3  1.482774e-01  7.123588e-03  8.552446e-03  1.193053e+00  3.352578e-02  4.973681e-01  4.991678e-01
   4  1.933999e-01  1.206296e-02  2.154956e-02  1.193053e+00  3.352578e-02  6.910075e-01  5.261458e-01
   5  2.838914e-01  3.342398e-02  2.113485e-02  1.193053e+00  3.352578e-02  8.711468e-01  4.965868e-01
   6  5.947381e-02  6.092722e-03  1.204161e-02  1.378543e+00  4.769428e-02  1.528410e-01  3.779892e-01
   7  1.004083e-01  4.350481e-03  1.062149e-02  1.378543e+00  4.769428e-02  2.524063e-01  4.046160e-01
   8  1.222071e-01  5.576722e-03  7.615270e-03  1.378543e+00  4.769428e-02  3.518460e-01  4.428472e-01
   9  1.698816e-01  5.605537e-03  1.531978e-02  1.378543e+00  4.769428e-02  4.901539e-01  4.858673e-01
  10  2.150468e-01  8.516449e-03  1.744204e-02  1.378543e+00  4.769428e-02  6.896580e-01  5.226646e-01
  11  3.377884e-01  1.382861e-02  1.787816e-02  1.378543e+00  4.769428e-02  8.753556e-01  4.748759e-01
  12  6.987679e-02  6.014340e-03  1.146202e-02  1.546139e+00  6.499065e-02  1.483549e-01  3.483042e-01
  13  9.681668e-02  4.239715e-03  8.345954e-03  1.546139e+00  6.499065e-02  2.491952e-01  3.860707e-01
  14  1.459683e-01  5.222707e-03  9.946252e-03  1.546139e+00  6.499065e-02  3.487568e-01  4.184407e-01
  15  1.815491e-01  5.092980e-03  1.046896e-02  1.546139e+00  6.499065e-02  4.882907e-01  4.655187e-01
  16  2.197218e-01  7.703201e-03  1.363949e-02  1.546139e+00  6.499065e-02  6.889007e-01  5.183124e-01
  17  4.531121e-01  1.040330e-02  1.582398e-02  1.546139e+00  6.499065e-02  8.770551e-01  4.757473e-01
  18  8.105641e-02  6.442931e-03  1.192140e-02  1.713564e+00  8.733686e-02  1.456407e-01  3.356321e-01
  19  1.237440e-01  4.657272e-03  7.745169e-03  1.713564e+00  8.733686e-02  2.470963e-01  3.717593e-01
  20  1.491413e-01  5.608990e-03  6.769760e-03  1.713564e+00  8.733686e-02  3.471642e-01  3.993134e-01
  21  2.013559e-01  5.386337e-03  6.720140e-03  1.713564e+00  8.733686e-02  4.879435e-01  4.502207e-01
  22  2.916473e-01  8.035837e-03  1.298119e-02  1.713564e+00  8.733686e-02  6.914318e-01  5.138242e-01
  23  4.290805e-01  9.475038e-03  1.397300e-02  1.713564e+00  8.733686e-02  8.808805e-01  4.451357e-01
  24  1.131848e-01  6.532694e-03  1.164961e-02  2.159913e+00  1.176152e-01  1.441690e-01  3.262600e-01
  25  1.313672e-01  4.803182e-03  8.465656e-03  2.159913e+00  1.176152e-01  2.456020e-01  3.643265e-01
  26  1.682135e-01  5.625743e-03  9.207265e-03  2.159913e+00  1.176152e-01  3.459593e-01  3.946973e-01
  27  2.140767e-01  5.360208e-03  9.452918e-03  2.159913e+00  1.176152e-01  4.869206e-01  4.475415e-01
  28  3.046326e-01  8.120198e-03  1.433141e-02  2.159913e+00  1.176152e-01  6.912204e-01  5.114492e-01
  29  4.514752e-01  9.214908e-03  1.377295e-02  2.159913e+00  1.176152e-01  8.840193e-01  4.301217e-01
  30  9.809900e-02  8.587805e-03  1.154397e-02  3.161097e+00  1.658096e-01  1.432191e-01  3.209753e-01
  31  1.323722e-01  5.804170e-03  8.643809e-03  3.161097e+00  1.658096e-01  2.455885e-01  3.603688e-01
  32  1.797700e-01  6.623289e-03  1.003754e-02  3.161097e+00  1.658096e-01  3.457855e-01  3.966420e-01
  33  2.539156e-01  6.190992e-03  1.212926e-02  3.161097e+00  1.658096e-01  4.855775e-01  4.500734e-01
  34  3.215782e-01  9.744957e-03  1.654735e-02  3.161097e+00  1.658096e-01  6.912800e-01  5.078034e-01
  35  4.569853e-01  1.108632e-02  1.365807e-02  3.161097e+00  1.658096e-01  8.853649e-01  4.175420e-01
  36  1.031347e-01  1.206194e-02  1.414735e-02  4.883031e+00  2.402296e-01  1.432624e-01  3.227945e-01
  37  1.393911e-01  7.530929e-03  1.089605e-02  4.883031e+00  2.402296e-01  2.451377e-01  3.616893e-01
  38  2.118027e-01  8.525763e-03  1.174705e-02  4.883031e+00  2.402296e-01  3.454405e-01  3.988574e-01
  39  2.520272e-01  8.005380e-03  1.195259e-02  4.883031e+00  2.402296e-01  4.840955e-01  4.476195e-01
  40  3.354193e-01  1.248142e-02  1.768444e-02  4.883031e+00  2.402296e-01  6.885274e-01  4.867094e-01
  41  5.058296e-01  1.491224e-02  1.568895e-02  4.883031e+00  2.402296e-01  8.852098e-01  4.364495e-01
  42  5.178359e-02  2.738576e-02  1.329027e-02  7.485365e+00  3.400887e-01  1.434686e-01  3.201528e-01
  43  1.580209e-01  1.535951e-02  1.093973e-02  7.485026e+00  3.401204e-01  2.451480e-01  3.721695e-01
  44  1.992926e-01  1.816967e-02  1.208390e-02  7.485026e+00  3.401204e-01  3.454491e-01  3.943459e-01
  45  2.537239e-01  1.709300e-02  1.122572e-02  7.485026e+00  3.401204e-01  4.837260e-01  4.491346e-01
  46  3.352239e-01  2.702629e-02  1.695576e-02  7.485026e+00  3.401204e-01  6.867983e-01  4.742790e-01
  47  6.094799e-01  3.311666e-02  1.599155e-02  7.485026e+00  3.401204e-01  8.846009e-01  4.413416e-01
  48  1.341572e-01  4.967063e-02  1.430172e-02  1.024579e+01  4.520963e-01  1.429416e-01  3.390078e-01
  49  1.250241e-01  2.798044e-02  1.206711e-02  1.024304e+01  4.520621e-01  2.450478e-01  3.570428e-01
  50  2.372912e-01  3.547870e-02  1.170521e-02  1.024320e+01  4.520868e-01  3.464194e-01  4.045828e-01
  51  2.493563e-01  3.429928e-02  1.182008e-02  1.024320e+01  4.520868e-01  4.834584e-01  4.321149e-01
  52  4.168660e-01  5.599893e-02  1.832480e-02  1.024320e+01  4.520868e-01  6.912479e-01  5.199201e-01
  53  5.322529e-01  7.547437e-02  2.028842e-02  1.024320e+01  4.520868e-01  8.791482e-01  4.570564e-01
