#************************************************************************
# 
#    These are published data of the HERMES Collaboration.
#    You are free to use these data in any publication. 
#    However, you must make a reference to the following publication:
# 
#    A. Airapetian et al, Phys. Rev. D 87 (2013) 074029 
# 
#************************************************************************
# 
# K-/pi- multiplicity ratio from HERMES
# Configuration: zx-3D (x: 9, z: 6, Php: 4)
# Projected to: 2D (x: 9, z: 6)
# Target: H
# Optional settings: VM subtracted
#
#  i        K-/pi-    stat (+/-)    syst (+/-)            Q2             x             z           Php
   0  9.427893e-02  3.497140e-03  1.183212e-02  1.193053e+00  3.352578e-02  1.607582e-01  4.096357e-01
   1  1.092104e-01  2.770728e-03  1.371744e-02  1.193053e+00  3.352578e-02  2.626495e-01  4.399140e-01
   2  1.451671e-01  4.612810e-03  1.804806e-02  1.193053e+00  3.352578e-02  3.614453e-01  4.706993e-01
   3  1.466527e-01  5.030901e-03  2.664766e-02  1.193053e+00  3.352578e-02  4.973681e-01  4.991678e-01
   4  1.685399e-01  1.157741e-02  1.855871e-02  1.193053e+00  3.352578e-02  6.910075e-01  5.261458e-01
   5  2.003541e-01  7.062504e-02  4.076060e-02  1.193053e+00  3.352578e-02  8.711468e-01  4.965868e-01
   6  9.724436e-02  4.086377e-03  1.851963e-02  1.378543e+00  4.769428e-02  1.528410e-01  3.779892e-01
   7  1.192244e-01  2.660547e-03  1.821861e-02  1.378543e+00  4.769428e-02  2.524063e-01  4.046160e-01
   8  1.255704e-01  3.403798e-03  2.331666e-02  1.378543e+00  4.769428e-02  3.518460e-01  4.428472e-01
   9  1.481859e-01  4.012640e-03  2.122726e-02  1.378543e+00  4.769428e-02  4.901539e-01  4.858673e-01
  10  1.446554e-01  7.039899e-03  2.611690e-02  1.378543e+00  4.769428e-02  6.896580e-01  5.226646e-01
  11  7.505102e-02  1.513941e-02  1.144659e-02  1.378543e+00  4.769428e-02  8.753556e-01  4.748759e-01
  12  9.233742e-02  3.958443e-03  1.280313e-02  1.546139e+00  6.499065e-02  1.483549e-01  3.483042e-01
  13  1.132189e-01  2.596701e-03  1.601081e-02  1.546139e+00  6.499065e-02  2.491952e-01  3.860707e-01
  14  1.303931e-01  3.245906e-03  1.982221e-02  1.546139e+00  6.499065e-02  3.487568e-01  4.184407e-01
  15  1.321803e-01  3.308257e-03  1.460577e-02  1.546139e+00  6.499065e-02  4.882907e-01  4.655187e-01
  16  1.095955e-01  5.350247e-03  1.660375e-02  1.546139e+00  6.499065e-02  6.889007e-01  5.183124e-01
  17  5.444176e-02  9.869273e-03  1.100425e-02  1.546139e+00  6.499065e-02  8.770551e-01  4.757473e-01
  18  9.767571e-02  4.424191e-03  1.225343e-02  1.713564e+00  8.733686e-02  1.456407e-01  3.356321e-01
  19  1.058522e-01  2.767719e-03  1.580284e-02  1.713564e+00  8.733686e-02  2.470963e-01  3.717593e-01
  20  1.086560e-01  3.128375e-03  2.078716e-02  1.713564e+00  8.733686e-02  3.471642e-01  3.993134e-01
  21  1.156650e-01  3.209320e-03  1.255485e-02  1.713564e+00  8.733686e-02  4.879435e-01  4.502207e-01
  22  1.025386e-01  5.090055e-03  1.139889e-02  1.713564e+00  8.733686e-02  6.914318e-01  5.138242e-01
  23  2.597598e-02  6.113552e-03  4.767974e-03  1.713564e+00  8.733686e-02  8.808805e-01  4.451357e-01
  24  9.954711e-02  4.443456e-03  1.140634e-02  2.159913e+00  1.176152e-01  1.441690e-01  3.262600e-01
  25  1.024366e-01  2.847860e-03  1.534891e-02  2.159913e+00  1.176152e-01  2.456020e-01  3.643265e-01
  26  1.057130e-01  3.137262e-03  2.004197e-02  2.159913e+00  1.176152e-01  3.459593e-01  3.946973e-01
  27  1.091292e-01  3.075260e-03  1.209636e-02  2.159913e+00  1.176152e-01  4.869206e-01  4.475415e-01
  28  9.135604e-02  4.950348e-03  1.736890e-02  2.159913e+00  1.176152e-01  6.912204e-01  5.114492e-01
  29  1.673726e-02  5.074873e-03  3.174089e-03  2.159913e+00  1.176152e-01  8.840193e-01  4.301217e-01
  30  9.436602e-02  6.035666e-03  1.730577e-02  3.161097e+00  1.658096e-01  1.432191e-01  3.209753e-01
  31  1.035597e-01  3.682202e-03  2.020889e-02  3.161097e+00  1.658096e-01  2.455885e-01  3.603688e-01
  32  1.047025e-01  3.869418e-03  1.538819e-02  3.161097e+00  1.658096e-01  3.457855e-01  3.966420e-01
  33  1.065100e-01  3.698999e-03  1.832859e-02  3.161097e+00  1.658096e-01  4.855775e-01  4.500734e-01
  34  8.181341e-02  5.663567e-03  1.555399e-02  3.161097e+00  1.658096e-01  6.912800e-01  5.078034e-01
  35  2.113537e-02  5.168112e-03  3.977129e-03  3.161097e+00  1.658096e-01  8.853649e-01  4.175420e-01
  36  1.000740e-01  9.694585e-03  1.219219e-02  4.883031e+00  2.402296e-01  1.432624e-01  3.227945e-01
  37  1.138224e-01  5.361857e-03  1.440247e-02  4.883031e+00  2.402296e-01  2.451377e-01  3.616893e-01
  38  1.096389e-01  5.566185e-03  2.070382e-02  4.883031e+00  2.402296e-01  3.454405e-01  3.988574e-01
  39  1.105745e-01  5.028707e-03  1.386368e-02  4.883031e+00  2.402296e-01  4.840955e-01  4.476195e-01
  40  6.998309e-02  6.730470e-03  1.383397e-02  4.883031e+00  2.402296e-01  6.885274e-01  4.867094e-01
  41  4.057554e-02  1.978813e-02  6.779253e-03  4.883031e+00  2.402296e-01  8.852098e-01  4.364495e-01
  42  8.000248e-02  1.830224e-02  1.381301e-02  7.485365e+00  3.400887e-01  1.434686e-01  3.201528e-01
  43  1.104110e-01  1.101021e-02  1.509225e-02  7.485026e+00  3.401204e-01  2.451480e-01  3.721695e-01
  44  9.787099e-02  1.158423e-02  1.330935e-02  7.485026e+00  3.401204e-01  3.454491e-01  3.943459e-01
  45  1.203194e-01  1.116128e-02  2.375897e-02  7.485026e+00  3.401204e-01  4.837260e-01  4.491346e-01
  46  4.440090e-02  1.474838e-02  6.533043e-03  7.485026e+00  3.401204e-01  6.867983e-01  4.742790e-01
  47  7.583155e-02  3.421235e-02  1.033736e-02  7.485026e+00  3.401204e-01  8.846009e-01  4.413416e-01
  48  1.055656e-01  4.887996e-02  2.164996e-02  1.024579e+01  4.520963e-01  1.429416e-01  3.390078e-01
  49  7.616443e-02  1.812287e-02  1.399180e-02  1.024304e+01  4.520621e-01  2.450478e-01  3.570428e-01
  50  1.231725e-01  2.498056e-02  1.789357e-02  1.024320e+01  4.520868e-01  3.464194e-01  4.045828e-01
  51  1.155090e-01  2.871025e-02  1.269549e-02  1.024320e+01  4.520868e-01  4.834584e-01  4.321149e-01
  52  1.092542e-01  4.962673e-02  1.921512e-02  1.024320e+01  4.520868e-01  6.912479e-01  5.199201e-01
  53 -5.570651e+01  1.050856e+01  1.513115e+00  1.024320e+01  4.520868e-01  8.791482e-01  4.570564e-01
