#************************************************************************
# 
#    These are published data of the HERMES Collaboration.
#    You are free to use these data in any publication. 
#    However, you must make a reference to the following publication:
# 
#    A. Airapetian et al, Phys. Rev. D 87 (2013) 074029 
# 
#************************************************************************
# 
# K+ multiplicities from HERMES
# Configuration: zx-3D (x: 9, z: 6, Php: 4)
# Projected to: 2D (x: 9, z: 6)
# Target: H
# Optional settings: VM subtracted
#
#  i          mult    stat (+/-)    syst (+/-)            Q2             x             z           Php
   0  5.282178e-01  1.558876e-02  3.611791e-02  1.193053e+00  3.352578e-02  1.565991e-01  4.334033e-01
   1  3.228838e-01  6.272709e-03  1.340128e-02  1.193053e+00  3.352578e-02  2.585875e-01  4.430567e-01
   2  2.186542e-01  5.222403e-03  8.428849e-03  1.193053e+00  3.352578e-02  3.556073e-01  4.652308e-01
   3  1.226644e-01  2.897134e-03  6.101538e-03  1.193053e+00  3.352578e-02  4.983482e-01  5.318436e-01
   4  5.932264e-02  2.153391e-03  3.700552e-03  1.193053e+00  3.352578e-02  6.839124e-01  5.929179e-01
   5  1.119862e-02  1.284948e-03  7.245969e-04  1.193053e+00  3.352578e-02  8.531411e-01  5.676018e-01
   6  4.824361e-01  1.523112e-02  3.527341e-02  1.378543e+00  4.769428e-02  1.523612e-01  4.044756e-01
   7  3.152087e-01  5.432645e-03  1.479440e-02  1.378543e+00  4.769428e-02  2.517472e-01  4.081827e-01
   8  2.101765e-01  3.989161e-03  7.940047e-03  1.378543e+00  4.769428e-02  3.497662e-01  4.254787e-01
   9  1.200970e-01  2.098823e-03  4.983185e-03  1.378543e+00  4.769428e-02  4.898359e-01  5.058313e-01
  10  5.219563e-02  1.464744e-03  2.813707e-03  1.378543e+00  4.769428e-02  6.858606e-01  5.651734e-01
  11  1.067055e-02  4.811172e-04  5.705899e-04  1.378543e+00  4.769428e-02  8.701541e-01  5.171038e-01
  12  4.242150e-01  1.519965e-02  3.557189e-02  1.546466e+00  6.499027e-02  1.518460e-01  3.983689e-01
  13  2.663948e-01  4.685993e-03  1.491521e-02  1.546139e+00  6.499065e-02  2.502451e-01  3.853522e-01
  14  2.077125e-01  3.644321e-03  8.169101e-03  1.546139e+00  6.499065e-02  3.494307e-01  4.115920e-01
  15  1.186122e-01  1.828385e-03  5.046838e-03  1.546139e+00  6.499065e-02  4.887929e-01  4.796475e-01
  16  5.419313e-02  1.363855e-03  2.750129e-03  1.546139e+00  6.499065e-02  6.883396e-01  5.548833e-01
  17  1.478427e-02  4.921531e-04  7.610210e-04  1.546139e+00  6.499065e-02  8.682566e-01  5.151506e-01
  18  3.733799e-01  1.237915e-02  3.640932e-02  1.713564e+00  8.733686e-02  1.469566e-01  3.565216e-01
  19  2.384168e-01  4.663398e-03  1.607562e-02  1.713564e+00  8.733686e-02  2.498343e-01  3.803363e-01
  20  1.813976e-01  3.429553e-03  8.419587e-03  1.713564e+00  8.733686e-02  3.488726e-01  4.079208e-01
  21  1.150284e-01  1.835778e-03  4.615064e-03  1.713564e+00  8.733686e-02  4.923663e-01  4.640415e-01
  22  6.390151e-02  1.527560e-03  2.719526e-03  1.713564e+00  8.733686e-02  6.896459e-01  5.386943e-01
  23  1.589980e-02  5.393900e-04  6.830888e-04  1.713564e+00  8.733686e-02  8.676194e-01  5.372307e-01
  24  3.756850e-01  1.293717e-02  4.044849e-02  2.159913e+00  1.176152e-01  1.463884e-01  3.643380e-01
  25  2.194073e-01  4.511025e-03  1.708799e-02  2.159913e+00  1.176152e-01  2.477981e-01  3.794133e-01
  26  1.777082e-01  3.296788e-03  9.323415e-03  2.159913e+00  1.176152e-01  3.483103e-01  3.995992e-01
  27  1.111629e-01  1.762637e-03  4.924908e-03  2.159913e+00  1.176152e-01  4.910280e-01  4.501376e-01
  28  6.015787e-02  1.421448e-03  2.386163e-03  2.159913e+00  1.176152e-01  6.877007e-01  5.267661e-01
  29  1.566619e-02  5.217170e-04  6.353777e-04  2.159913e+00  1.176152e-01  8.729597e-01  5.107011e-01
  30  3.355360e-01  2.848134e-02  4.087174e-02  3.158152e+00  1.657890e-01  1.444609e-01  3.340359e-01
  31  2.268485e-01  5.847303e-03  2.028985e-02  3.161097e+00  1.658096e-01  2.477122e-01  3.802896e-01
  32  1.846607e-01  4.089421e-03  1.169012e-02  3.161097e+00  1.658096e-01  3.468412e-01  3.947585e-01
  33  1.149928e-01  2.111692e-03  5.379975e-03  3.161097e+00  1.658096e-01  4.912080e-01  4.615998e-01
  34  5.674497e-02  1.520889e-03  2.505887e-03  3.161097e+00  1.658096e-01  6.863745e-01  5.232993e-01
  35  1.390698e-02  5.270061e-04  6.144364e-04  3.161097e+00  1.658096e-01  8.721620e-01  4.570876e-01
  36  4.185961e-01  3.070570e-02  5.353164e-02  4.883382e+00  2.402356e-01  1.451532e-01  3.730327e-01
  37  2.764466e-01  9.225130e-03  2.635339e-02  4.883031e+00  2.402296e-01  2.473897e-01  3.948246e-01
  38  1.951455e-01  5.651115e-03  1.310198e-02  4.883031e+00  2.402296e-01  3.477749e-01  3.939241e-01
  39  1.212938e-01  2.775110e-03  5.349771e-03  4.883031e+00  2.402296e-01  4.921544e-01  4.616659e-01
  40  5.254359e-02  1.833085e-03  1.946017e-03  4.883031e+00  2.402296e-01  6.879262e-01  4.834323e-01
  41  1.356563e-02  6.692975e-04  5.070246e-04  4.883031e+00  2.402296e-01  8.693273e-01  4.834243e-01
  42  3.263880e-01  7.506274e-02  4.416593e-02  7.485303e+00  3.400458e-01  1.496313e-01  3.286743e-01
  43  2.808990e-01  2.150940e-02  2.808581e-02  7.484630e+00  3.401086e-01  2.483157e-01  4.007160e-01
  44  2.049529e-01  1.319364e-02  1.394043e-02  7.485026e+00  3.401204e-01  3.473084e-01  3.993209e-01
  45  1.117045e-01  5.602045e-03  5.051314e-03  7.484630e+00  3.401086e-01  4.910309e-01  4.151377e-01
  46  5.729117e-02  4.037727e-03  2.081884e-03  7.485026e+00  3.401204e-01  6.841013e-01  5.155284e-01
  47  1.590834e-02  1.692442e-03  5.737911e-04  7.484630e+00  3.401086e-01  8.724341e-01  5.032547e-01
  48  6.306875e-01  1.595588e-01  8.124152e-02  1.023958e+01  4.519960e-01  1.438230e-01  4.449609e-01
  49  2.435779e-01  6.390266e-02  2.690503e-02  1.024421e+01  4.522494e-01  2.414538e-01  2.987271e-01
  50  2.027007e-01  2.658733e-02  1.358844e-02  1.024305e+01  4.520621e-01  3.457497e-01  4.198090e-01
  51  1.444573e-01  1.203467e-02  6.312942e-03  1.024320e+01  4.520868e-01  4.887320e-01  4.061332e-01
  52  5.530081e-02  8.335498e-03  1.910670e-03  1.024304e+01  4.520621e-01  6.812107e-01  4.768683e-01
  53  2.538796e-02  6.322077e-03  8.237598e-04  1.024070e+01  4.521130e-01  8.768167e-01  4.932565e-01
