#************************************************************************
# 
#    These are published data of the HERMES Collaboration.
#    You are free to use these data in any publication. 
#    However, you must make a reference to the following publication:
# 
#    A. Airapetian et al, Phys. Rev. D 87 (2013) 074029 
# 
#************************************************************************
# 
# K+ multiplicities from HERMES
# Configuration: zx-3D (x: 9, z: 6, Php: 4)
# Projected to: 2D (x: 9, z: 6)
# Target: D
# Optional settings: VM subtracted
#
#  i          mult    stat (+/-)    syst (+/-)            Q2             x             z           Php
   0  5.022000e-01  1.352693e-02  2.867956e-02  1.193097e+00  3.348903e-02  1.579482e-01  4.438198e-01
   1  3.039195e-01  5.580806e-03  1.259496e-02  1.193097e+00  3.348903e-02  2.584138e-01  4.302310e-01
   2  2.094851e-01  4.670518e-03  7.756700e-03  1.193097e+00  3.348903e-02  3.578411e-01  4.749813e-01
   3  1.147025e-01  2.636511e-03  3.339388e-03  1.193097e+00  3.348903e-02  4.957260e-01  5.286047e-01
   4  4.953490e-02  1.911863e-03  1.279123e-03  1.193097e+00  3.348903e-02  6.855589e-01  5.544629e-01
   5  1.155668e-02  1.096399e-03  3.773593e-04  1.193097e+00  3.348903e-02  8.622500e-01  5.211609e-01
   6  4.654704e-01  1.254514e-02  3.172347e-02  1.382232e+00  4.767331e-02  1.531237e-01  3.858793e-01
   7  2.876416e-01  4.886534e-03  1.322761e-02  1.382232e+00  4.767331e-02  2.534107e-01  4.204684e-01
   8  2.068378e-01  3.774504e-03  7.508268e-03  1.382232e+00  4.767331e-02  3.508386e-01  4.263779e-01
   9  1.111415e-01  1.899937e-03  3.786812e-03  1.382232e+00  4.767331e-02  4.917959e-01  5.047132e-01
  10  4.694055e-02  1.312789e-03  1.546611e-03  1.382232e+00  4.767331e-02  6.863739e-01  5.681523e-01
  11  1.212081e-02  5.185934e-04  4.047298e-04  1.382232e+00  4.767331e-02  8.656798e-01  5.805141e-01
  12  4.672477e-01  1.287445e-02  3.148576e-02  1.555334e+00  6.495400e-02  1.499245e-01  3.982211e-01
  13  2.773023e-01  4.423570e-03  1.468310e-02  1.555334e+00  6.495400e-02  2.514346e-01  3.852988e-01
  14  1.914430e-01  3.239273e-03  8.203033e-03  1.555334e+00  6.495400e-02  3.477055e-01  4.133027e-01
  15  1.107227e-01  1.662387e-03  4.602971e-03  1.555334e+00  6.495400e-02  4.906096e-01  4.764756e-01
  16  5.028102e-02  1.217028e-03  2.145119e-03  1.555334e+00  6.495400e-02  6.914004e-01  5.507089e-01
  17  1.396239e-02  5.100065e-04  4.265791e-04  1.555334e+00  6.495400e-02  8.683146e-01  5.530542e-01
  18  3.868643e-01  1.216394e-02  2.701964e-02  1.727795e+00  8.728510e-02  1.482073e-01  3.691512e-01
  19  2.337318e-01  4.341363e-03  1.241688e-02  1.727795e+00  8.728510e-02  2.491341e-01  3.841887e-01
  20  1.718279e-01  3.181607e-03  7.516294e-03  1.727795e+00  8.728510e-02  3.474450e-01  4.035626e-01
  21  1.128328e-01  1.773859e-03  4.792130e-03  1.727795e+00  8.728510e-02  4.929246e-01  4.631956e-01
  22  5.208179e-02  1.371886e-03  2.131965e-03  1.727795e+00  8.728510e-02  6.868464e-01  5.337125e-01
  23  1.326362e-02  4.391157e-04  5.339255e-04  1.727795e+00  8.728510e-02  8.641182e-01  5.039851e-01
  24  4.007130e-01  1.276104e-02  3.076984e-02  2.173184e+00  1.175628e-01  1.453166e-01  3.671322e-01
  25  2.436981e-01  4.569116e-03  1.297889e-02  2.173184e+00  1.175628e-01  2.487120e-01  3.754555e-01
  26  1.658385e-01  3.069124e-03  7.891178e-03  2.173184e+00  1.175628e-01  3.480909e-01  4.048492e-01
  27  1.051653e-01  1.674238e-03  4.983668e-03  2.173184e+00  1.175628e-01  4.902622e-01  4.521651e-01
  28  5.296604e-02  1.244303e-03  2.403773e-03  2.173184e+00  1.175628e-01  6.871456e-01  5.393907e-01
  29  1.386978e-02  4.700142e-04  5.861489e-04  2.173184e+00  1.175628e-01  8.690216e-01  5.112433e-01
  30  3.797550e-01  1.708350e-02  2.945539e-02  3.167230e+00  1.656179e-01  1.466611e-01  3.643038e-01
  31  2.349553e-01  5.672680e-03  1.246987e-02  3.167230e+00  1.656179e-01  2.475154e-01  3.771191e-01
  32  1.732680e-01  3.846336e-03  8.934032e-03  3.167230e+00  1.656179e-01  3.477806e-01  4.025020e-01
  33  1.079107e-01  1.924846e-03  4.862788e-03  3.167230e+00  1.656179e-01  4.906606e-01  4.520817e-01
  34  4.731523e-02  1.343160e-03  2.065942e-03  3.167230e+00  1.656179e-01  6.874521e-01  5.222831e-01
  35  1.199572e-02  4.487888e-04  5.239017e-04  3.167230e+00  1.656179e-01  8.673832e-01  4.688776e-01
  36  3.909012e-01  2.959168e-02  3.088530e-02  4.877912e+00  2.397473e-01  1.467992e-01  3.699256e-01
  37  2.586793e-01  8.363719e-03  1.563553e-02  4.877871e+00  2.397462e-01  2.463362e-01  3.835342e-01
  38  1.744520e-01  5.361852e-03  9.054142e-03  4.877871e+00  2.397462e-01  3.472542e-01  4.028303e-01
  39  1.069458e-01  2.469903e-03  5.019252e-03  4.877871e+00  2.397462e-01  4.907293e-01  4.395642e-01
  40  4.868649e-02  1.720295e-03  2.141817e-03  4.877871e+00  2.397462e-01  6.851590e-01  4.895061e-01
  41  1.235009e-02  6.162060e-04  4.771079e-04  4.877871e+00  2.397462e-01  8.687602e-01  4.903792e-01
  42  4.800772e-01  6.901970e-02  4.010511e-02  7.477213e+00  3.397008e-01  1.486761e-01  4.369039e-01
  43  2.673360e-01  2.158585e-02  1.862310e-02  7.476752e+00  3.397011e-01  2.460703e-01  4.448392e-01
  44  1.935832e-01  1.293890e-02  9.247387e-03  7.476752e+00  3.397011e-01  3.493725e-01  4.143244e-01
  45  1.202619e-01  5.715884e-03  5.582188e-03  7.476752e+00  3.397011e-01  4.901549e-01  4.372994e-01
  46  4.940233e-02  3.667889e-03  2.229768e-03  7.477213e+00  3.397008e-01  6.825851e-01  4.646213e-01
  47  1.298405e-02  1.398998e-03  4.958853e-04  7.476752e+00  3.397011e-01  8.662858e-01  5.343950e-01
  48  3.691634e-01  1.385990e-01  3.864185e-02  1.024168e+01  4.516595e-01  1.449691e-01  3.432405e-01
  49  3.101045e-01  4.744401e-02  2.270732e-02  1.023136e+01  4.513441e-01  2.435733e-01  4.025548e-01
  50  1.621744e-01  2.376150e-02  7.665663e-03  1.023497e+01  4.514519e-01  3.495394e-01  3.605181e-01
  51  1.006582e-01  1.077631e-02  4.074688e-03  1.023497e+01  4.514519e-01  4.853222e-01  4.222041e-01
  52  3.717145e-02  8.684569e-03  1.494546e-03  1.024204e+01  4.516750e-01  6.740563e-01  4.864853e-01
  53  1.690609e-02  3.843531e-03  6.359634e-04  1.023646e+01  4.515032e-01  8.708777e-01  5.066760e-01
