#************************************************************************
# 
#    These are published data of the HERMES Collaboration.
#    You are free to use these data in any publication. 
#    However, you must make a reference to the following publication:
# 
#    A. Airapetian et al, Phys. Rev. D 87 (2013) 074029 
# 
#************************************************************************
# 
# Pion charge asymmetry from HERMES
# Configuration: zx-3D (x: 9, z: 6, Php: 4)
# Projected to: 2D (x: 9, z: 6)
# Target: D
# Optional settings: VM subtracted
#
#  i    A(pi+,pi-)    stat (+/-)    syst (+/-)            Q2             x             z           Php
   0  1.670663e-02  4.898814e-03  8.549633e-03  1.193097e+00  3.348903e-02  1.604449e-01  4.050896e-01
   1  4.092335e-02  4.459846e-03  8.289125e-03  1.193097e+00  3.348903e-02  2.617293e-01  4.357240e-01
   2  5.937554e-02  6.276408e-03  8.602585e-03  1.193097e+00  3.348903e-02  3.602589e-01  4.707395e-01
   3  7.131401e-02  6.752375e-03  1.015225e-02  1.193097e+00  3.348903e-02  4.963194e-01  5.059523e-01
   4  8.994840e-02  1.158707e-02  1.412804e-02  1.193097e+00  3.348903e-02  6.897873e-01  5.349954e-01
   5  1.397512e-01  3.914156e-02  1.453408e-02  1.193097e+00  3.348903e-02  8.643966e-01  4.591004e-01
   6  8.638744e-03  5.509807e-03  7.827570e-03  1.382232e+00  4.767331e-02  1.523667e-01  3.702146e-01
   7  4.624963e-02  4.027876e-03  8.405420e-03  1.382232e+00  4.767331e-02  2.522981e-01  4.074955e-01
   8  8.330472e-02  5.241506e-03  8.010492e-03  1.382232e+00  4.767331e-02  3.512524e-01  4.406679e-01
   9  1.077605e-01  5.282644e-03  1.371477e-02  1.382232e+00  4.767331e-02  4.900752e-01  4.832802e-01
  10  1.569539e-01  8.056234e-03  1.636049e-02  1.382232e+00  4.767331e-02  6.882467e-01  5.120192e-01
  11  3.104688e-01  1.293861e-02  1.756795e-02  1.382232e+00  4.767331e-02  8.742141e-01  4.615589e-01
  12  7.178275e-03  5.660813e-03  6.949696e-03  1.555334e+00  6.495400e-02  1.490787e-01  3.607509e-01
  13  5.801279e-02  3.937801e-03  6.848136e-03  1.555334e+00  6.495400e-02  2.491685e-01  3.880847e-01
  14  8.104635e-02  5.002303e-03  1.010229e-02  1.555334e+00  6.495400e-02  3.488796e-01  4.219727e-01
  15  1.120120e-01  4.888066e-03  1.059806e-02  1.555334e+00  6.495400e-02  4.881636e-01  4.723076e-01
  16  1.745169e-01  7.358904e-03  1.406639e-02  1.555334e+00  6.495400e-02  6.901176e-01  5.185728e-01
  17  2.733275e-01  1.045571e-02  1.479546e-02  1.555334e+00  6.495400e-02  8.751371e-01  4.570401e-01
  18  4.778489e-03  5.983617e-03  6.550093e-04  1.727795e+00  8.728510e-02  1.465991e-01  3.473743e-01
  19  5.660651e-02  4.425018e-03  5.996752e-03  1.727795e+00  8.728510e-02  2.468709e-01  3.749786e-01
  20  1.063657e-01  5.355292e-03  6.497863e-03  1.727795e+00  8.728510e-02  3.470569e-01  4.082050e-01
  21  1.377633e-01  5.234996e-03  8.166584e-03  1.727795e+00  8.728510e-02  4.880793e-01  4.544263e-01
  22  1.855944e-01  8.056830e-03  1.253158e-02  1.727795e+00  8.728510e-02  6.912402e-01  4.979716e-01
  23  2.481287e-01  1.030348e-02  1.286234e-02  1.727795e+00  8.728510e-02  8.774949e-01  4.460376e-01
  24  1.365808e-03  6.123816e-03  5.895191e-04  2.173184e+00  1.175628e-01  1.446831e-01  3.269980e-01
  25  6.077557e-02  4.541295e-03  7.030252e-03  2.173184e+00  1.175628e-01  2.457782e-01  3.660942e-01
  26  8.742817e-02  5.374160e-03  9.253585e-03  2.173184e+00  1.175628e-01  3.460310e-01  3.976668e-01
  27  1.380410e-01  5.198198e-03  1.142299e-02  2.173184e+00  1.175628e-01  4.876259e-01  4.468464e-01
  28  1.934883e-01  8.357697e-03  1.368150e-02  2.173184e+00  1.175628e-01  6.903494e-01  5.041603e-01
  29  2.673486e-01  9.625248e-03  1.469037e-02  2.173184e+00  1.175628e-01  8.794870e-01  4.231141e-01
  30  6.105356e-03  8.010618e-03  7.085755e-04  3.167519e+00  1.656187e-01  1.431763e-01  3.248337e-01
  31  7.651559e-02  5.600560e-03  7.670527e-03  3.167230e+00  1.656179e-01  2.449578e-01  3.640308e-01
  32  1.083230e-01  6.421642e-03  1.063923e-02  3.167230e+00  1.656179e-01  3.453869e-01  3.944272e-01
  33  1.692037e-01  6.061389e-03  1.137998e-02  3.167230e+00  1.656179e-01  4.857069e-01  4.465252e-01
  34  2.048718e-01  9.778234e-03  1.481241e-02  3.167230e+00  1.656179e-01  6.883168e-01  5.028311e-01
  35  2.657321e-01  1.190020e-02  1.607980e-02  3.167230e+00  1.656179e-01  8.827890e-01  4.207422e-01
  36  3.359459e-02  1.131153e-02  1.194007e-02  4.877871e+00  2.397462e-01  1.429296e-01  3.249120e-01
  37  7.924948e-02  7.423032e-03  1.183218e-02  4.877871e+00  2.397462e-01  2.453339e-01  3.653614e-01
  38  1.048566e-01  8.378237e-03  1.310440e-02  4.877871e+00  2.397462e-01  3.456628e-01  3.931643e-01
  39  1.729127e-01  8.042236e-03  1.577793e-02  4.877871e+00  2.397462e-01  4.837907e-01  4.439540e-01
  40  2.378850e-01  1.273888e-02  1.893501e-02  4.877871e+00  2.397462e-01  6.866522e-01  4.862128e-01
  41  2.952568e-01  1.686798e-02  1.974111e-02  4.877871e+00  2.397462e-01  8.780868e-01  4.473926e-01
  42  4.825711e-02  2.647265e-02  1.235750e-02  7.476752e+00  3.397011e-01  1.432738e-01  3.333426e-01
  43  7.646809e-02  1.551852e-02  1.178273e-02  7.476752e+00  3.397011e-01  2.453108e-01  3.655324e-01
  44  1.417587e-01  1.839336e-02  1.511260e-02  7.476752e+00  3.397011e-01  3.449502e-01  4.017465e-01
  45  1.577171e-01  1.710532e-02  1.521641e-02  7.476752e+00  3.397011e-01  4.831996e-01  4.412887e-01
  46  2.317700e-01  2.932206e-02  1.923612e-02  7.476752e+00  3.397011e-01  6.865958e-01  4.868334e-01
  47  4.075789e-01  3.790925e-02  1.991825e-02  7.476752e+00  3.397011e-01  8.771915e-01  4.585759e-01
  48 -3.086599e-02  5.025214e-02  1.198236e-02  1.023081e+01  4.513249e-01  1.435488e-01  3.304389e-01
  49  5.471118e-02  2.990103e-02  1.169417e-02  1.023553e+01  4.514712e-01  2.451454e-01  3.482470e-01
  50  1.072218e-01  3.626221e-02  1.264645e-02  1.023497e+01  4.514519e-01  3.450937e-01  4.064661e-01
  51  1.579662e-01  3.709454e-02  1.595856e-02  1.023497e+01  4.514519e-01  4.818218e-01  4.387819e-01
  52  3.216417e-01  5.749795e-02  2.026726e-02  1.023497e+01  4.514519e-01  6.860646e-01  4.661966e-01
  53  2.347179e-01  8.940607e-02  2.097713e-02  1.023497e+01  4.514519e-01  8.661362e-01  4.719068e-01
