#************************************************************************
# 
#    These are published data of the HERMES Collaboration.
#    You are free to use these data in any publication. 
#    However, you must make a reference to the following publication:
# 
#    A. Airapetian et al, Phys. Rev. D 87 (2013) 074029 
# 
#************************************************************************
# 
# K+ target asymmetries from HERMES
# Configuration: zx-3D (x: 9, z: 6, Php: 4)
# Projected to: 2D (x: 9, z: 6)
# Optional settings: VM subtracted
#
#  i         asymm    stat (+/-)    syst (+/-)            Q2             x             z           Php
   0 -2.524975e-02  1.996519e-02  1.662741e-02  1.193053e+00  3.352578e-02  1.565991e-01  4.334033e-01
   1 -3.025560e-02  1.335382e-02  1.137153e-02  1.193053e+00  3.352578e-02  2.585875e-01  4.430567e-01
   2 -2.141633e-02  1.632910e-02  1.431640e-02  1.193053e+00  3.352578e-02  3.556073e-01  4.652308e-01
   3 -3.354273e-02  1.645999e-02  2.110312e-02  1.193053e+00  3.352578e-02  4.983482e-01  5.318436e-01
   4 -8.991330e-02  2.627798e-02  3.081215e-02  1.193053e+00  3.352578e-02  6.839124e-01  5.929179e-01
   5  1.573495e-02  7.442320e-02  3.068916e-02  1.193053e+00  3.352578e-02  8.531411e-01  5.676018e-01
   6 -1.789807e-02  2.074865e-02  1.995882e-02  1.378543e+00  4.769428e-02  1.523612e-01  4.044756e-01
   7 -4.572797e-02  1.207479e-02  1.191960e-02  1.378543e+00  4.769428e-02  2.517472e-01  4.081827e-01
   8 -8.006393e-03  1.316402e-02  1.051970e-02  1.378543e+00  4.769428e-02  3.497662e-01  4.254787e-01
   9 -3.872820e-02  1.220504e-02  1.781211e-02  1.378543e+00  4.769428e-02  4.898359e-01  5.058313e-01
  10 -5.300862e-02  1.975383e-02  2.799993e-02  1.378543e+00  4.769428e-02  6.858606e-01  5.651734e-01
  11  6.363177e-02  3.095288e-02  2.801436e-02  1.378543e+00  4.769428e-02  8.701541e-01  5.171038e-01
  12  4.827205e-02  2.254714e-02  2.458537e-02  1.546466e+00  6.499027e-02  1.518460e-01  3.983689e-01
  13  2.006188e-02  1.186845e-02  1.198670e-02  1.546139e+00  6.499065e-02  2.502451e-01  3.853522e-01
  14 -4.075962e-02  1.216709e-02  1.550857e-02  1.546139e+00  6.499065e-02  3.494307e-01  4.115920e-01
  15 -3.440171e-02  1.074640e-02  1.673654e-02  1.546139e+00  6.499065e-02  4.887929e-01  4.796475e-01
  16 -3.744572e-02  1.743415e-02  2.841602e-02  1.546139e+00  6.499065e-02  6.883396e-01  5.548833e-01
  17 -2.859041e-02  2.469007e-02  2.541571e-02  1.546139e+00  6.499065e-02  8.682566e-01  5.151506e-01
  18  1.773692e-02  2.283921e-02  2.809886e-02  1.713564e+00  8.733686e-02  1.469566e-01  3.565216e-01
  19 -9.922754e-03  1.348557e-02  1.362912e-02  1.713564e+00  8.733686e-02  2.498343e-01  3.803363e-01
  20 -2.709225e-02  1.322187e-02  1.110524e-02  1.713564e+00  8.733686e-02  3.488726e-01  4.079208e-01
  21 -9.635562e-03  1.120001e-02  1.155814e-02  1.713564e+00  8.733686e-02  4.923663e-01  4.640415e-01
  22 -1.019088e-01  1.760077e-02  2.140817e-02  1.713564e+00  8.733686e-02  6.896459e-01  5.386943e-01
  23 -9.039362e-02  2.350717e-02  2.139707e-02  1.713564e+00  8.733686e-02  8.676194e-01  5.372307e-01
  24  3.223609e-02  2.342775e-02  4.038600e-02  2.159913e+00  1.176152e-01  1.463884e-01  3.643380e-01
  25  5.245196e-02  1.387434e-02  1.829215e-02  2.159913e+00  1.176152e-01  2.477981e-01  3.794133e-01
  26 -3.455028e-02  1.308649e-02  1.133223e-02  2.159913e+00  1.176152e-01  3.483103e-01  3.995992e-01
  27 -2.772471e-02  1.122604e-02  1.061837e-02  2.159913e+00  1.176152e-01  4.910280e-01  4.501376e-01
  28 -6.357480e-02  1.659256e-02  1.717267e-02  2.159913e+00  1.176152e-01  6.877007e-01  5.267661e-01
  29 -6.082107e-02  2.366818e-02  1.711056e-02  2.159913e+00  1.176152e-01  8.729597e-01  5.107011e-01
  30  6.181957e-02  4.784987e-02  3.745179e-02  3.158152e+00  1.657890e-01  1.444609e-01  3.340359e-01
  31  1.755469e-02  1.765334e-02  2.298443e-02  3.161097e+00  1.658096e-01  2.477122e-01  3.802896e-01
  32 -3.182936e-02  1.566223e-02  1.168955e-02  3.161097e+00  1.658096e-01  3.468412e-01  3.947585e-01
  33 -3.177195e-02  1.278745e-02  1.079337e-02  3.161097e+00  1.658096e-01  4.912080e-01  4.615998e-01
  34 -9.061816e-02  1.936024e-02  1.244361e-02  3.161097e+00  1.658096e-01  6.863745e-01  5.232993e-01
  35 -7.378635e-02  2.648081e-02  1.232115e-02  3.161097e+00  1.658096e-01  8.721620e-01  4.570876e-01
  36 -3.421254e-02  5.264380e-02  4.006266e-02  4.883382e+00  2.402356e-01  1.451532e-01  3.730327e-01
  37 -3.320220e-02  2.320673e-02  2.638977e-02  4.883031e+00  2.402296e-01  2.473897e-01  3.948246e-01
  38 -5.598924e-02  2.104813e-02  1.475815e-02  4.883031e+00  2.402296e-01  3.477749e-01  3.939241e-01
  39 -6.286370e-02  1.619025e-02  7.744291e-03  4.883031e+00  2.402296e-01  4.921544e-01  4.616659e-01
  40 -3.810239e-02  2.479136e-02  9.596241e-03  4.883031e+00  2.402296e-01  6.879262e-01  4.834323e-01
  41 -4.690336e-02  3.500739e-02  9.097278e-03  4.883031e+00  2.402296e-01  8.693273e-01  4.834243e-01
  42  1.905713e-01  1.306848e-01  4.124355e-02  7.485303e+00  3.400458e-01  1.496313e-01  3.286743e-01
  43 -2.473932e-02  5.560569e-02  2.651374e-02  7.484630e+00  3.401086e-01  2.483157e-01  4.007160e-01
  44 -2.852845e-02  4.636120e-02  1.467371e-02  7.485026e+00  3.401204e-01  3.473084e-01  3.993209e-01
  45  3.689075e-02  3.450023e-02  7.622126e-03  7.484630e+00  3.401086e-01  4.910309e-01  4.151377e-01
  46 -7.393934e-02  5.090467e-02  9.229414e-03  7.485026e+00  3.401204e-01  6.841013e-01  5.155284e-01
  47 -1.012132e-01  7.493394e-02  9.459931e-03  7.484630e+00  3.401086e-01  8.724341e-01  5.032547e-01
  48 -2.615630e-01  2.108762e-01  4.135160e-02  1.023958e+01  4.519960e-01  1.438230e-01  4.449609e-01
  49  1.201530e-01  1.496585e-01  2.649624e-02  1.024421e+01  4.522494e-01  2.414538e-01  2.987271e-01
  50 -1.110690e-01  9.711295e-02  1.586449e-02  1.024305e+01  4.520621e-01  3.457497e-01  4.198090e-01
  51 -1.786876e-01  6.566130e-02  8.710618e-03  1.024320e+01  4.520868e-01  4.887320e-01  4.061332e-01
  52 -1.960519e-01  1.336756e-01  1.021800e-02  1.024304e+01  4.520621e-01  6.812107e-01  4.768683e-01
  53 -2.005451e-01  1.618140e-01  1.062632e-02  1.024070e+01  4.521130e-01  8.768167e-01  4.932565e-01
