#************************************************************************
# 
#    These are published data of the HERMES Collaboration.
#    You are free to use these data in any publication. 
#    However, you must make a reference to the following publication:
# 
#    A. Airapetian et al, Phys. Rev. D 87 (2013) 074029 
# 
#************************************************************************
# 
# pi- target asymmetries from HERMES
# Configuration: zx-3D (x: 9, z: 6, Php: 4)
# Projected to: 2D (x: 9, z: 6)
# Optional settings: VM subtracted
#
#  i         asymm    stat (+/-)    syst (+/-)            Q2             x             z           Php
   0  1.096821e-02  5.245372e-03  1.711226e-02  1.193053e+00  3.352578e-02  1.610016e-01  4.005985e-01
   1  6.633717e-03  4.797192e-03  1.141662e-02  1.193053e+00  3.352578e-02  2.631071e-01  4.383421e-01
   2  1.148926e-02  6.790648e-03  9.043978e-03  1.193053e+00  3.352578e-02  3.625299e-01  4.770465e-01
   3  2.393904e-02  7.306843e-03  8.246468e-03  1.193053e+00  3.352578e-02  4.987596e-01  5.009078e-01
   4  3.257077e-02  1.284932e-02  9.178086e-03  1.193053e+00  3.352578e-02  6.891259e-01  4.858072e-01
   5 -9.541396e-04  4.100939e-02  8.895762e-03  1.193053e+00  3.352578e-02  8.668266e-01  4.691839e-01
   6  1.348277e-02  6.140727e-03  1.849581e-02  1.378543e+00  4.769428e-02  1.533175e-01  3.850034e-01
   7  2.263113e-02  4.354967e-03  1.276974e-02  1.378543e+00  4.769428e-02  2.521291e-01  4.123413e-01
   8  1.112869e-02  5.709411e-03  1.027498e-02  1.378543e+00  4.769428e-02  3.518436e-01  4.459476e-01
   9  3.561015e-02  5.860326e-03  8.433225e-03  1.378543e+00  4.769428e-02  4.896848e-01  4.874458e-01
  10  2.672595e-02  9.129395e-03  8.865965e-03  1.378543e+00  4.769428e-02  6.888179e-01  4.871833e-01
  11  5.566230e-03  1.645238e-02  8.834674e-03  1.378543e+00  4.769428e-02  8.696353e-01  4.255282e-01
  12  5.455150e-02  6.244211e-03  1.979340e-02  1.546139e+00  6.499065e-02  1.489425e-01  3.656445e-01
  13  2.338837e-02  4.267574e-03  1.399033e-02  1.546139e+00  6.499065e-02  2.488559e-01  3.978827e-01
  14  2.470627e-02  5.443489e-03  1.149270e-02  1.546139e+00  6.499065e-02  3.482061e-01  4.259334e-01
  15  3.970199e-02  5.396802e-03  9.626113e-03  1.546139e+00  6.499065e-02  4.876681e-01  4.631690e-01
  16  2.574829e-02  8.264014e-03  1.002069e-02  1.546139e+00  6.499065e-02  6.887463e-01  4.879859e-01
  17  1.336500e-01  1.341278e-02  1.042227e-02  1.546139e+00  6.499065e-02  8.748056e-01  4.198449e-01
  18  6.132557e-02  6.565185e-03  2.093303e-02  1.713564e+00  8.733686e-02  1.459202e-01  3.498417e-01
  19  4.524086e-02  4.783972e-03  1.528879e-02  1.713564e+00  8.733686e-02  2.472615e-01  3.846662e-01
  20  3.089948e-02  5.893830e-03  1.269532e-02  1.713564e+00  8.733686e-02  3.474655e-01  4.115614e-01
  21  4.322990e-02  5.835089e-03  1.077197e-02  1.713564e+00  8.733686e-02  4.860053e-01  4.496240e-01
  22  7.600182e-02  9.162207e-03  1.128743e-02  1.713564e+00  8.733686e-02  6.894652e-01  4.763508e-01
  23  9.158458e-02  1.238548e-02  1.137405e-02  1.713564e+00  8.733686e-02  8.786836e-01  3.934875e-01
  24  7.768546e-02  6.682289e-03  2.190887e-02  2.159913e+00  1.176152e-01  1.436508e-01  3.344455e-01
  25  4.859494e-02  4.958973e-03  1.653716e-02  2.159913e+00  1.176152e-01  2.455646e-01  3.793931e-01
  26  5.574803e-02  5.918603e-03  1.405284e-02  2.159913e+00  1.176152e-01  3.455171e-01  4.117618e-01
  27  4.927261e-02  5.819711e-03  1.207908e-02  2.159913e+00  1.176152e-01  4.846244e-01  4.457561e-01
  28  6.669887e-02  9.440096e-03  1.263508e-02  2.159913e+00  1.176152e-01  6.878321e-01  4.681053e-01
  29  1.186362e-01  1.214860e-02  1.285524e-02  2.159913e+00  1.176152e-01  8.722998e-01  3.975517e-01
  30  7.278859e-02  8.732193e-03  2.206140e-02  3.161097e+00  1.658096e-01  1.430155e-01  3.381933e-01
  31  2.723087e-02  6.095458e-03  1.734295e-02  3.161097e+00  1.658096e-01  2.447992e-01  3.784301e-01
  32  4.257547e-02  7.091758e-03  1.487090e-02  3.161097e+00  1.658096e-01  3.447637e-01  4.105404e-01
  33  5.477606e-02  6.957595e-03  1.301990e-02  3.161097e+00  1.658096e-01  4.834773e-01  4.434335e-01
  34  8.183511e-02  1.150850e-02  1.345536e-02  3.161097e+00  1.658096e-01  6.866869e-01  4.735574e-01
  35  1.210531e-01  1.514770e-02  1.366969e-02  3.161097e+00  1.658096e-01  8.768744e-01  4.089445e-01
  36  5.514753e-02  1.243947e-02  2.001537e-02  4.883031e+00  2.402296e-01  1.423181e-01  3.380394e-01
  37  3.180349e-02  8.009292e-03  1.613034e-02  4.883031e+00  2.402296e-01  2.445624e-01  3.781638e-01
  38  6.435290e-02  9.352193e-03  1.375244e-02  4.883031e+00  2.402296e-01  3.450938e-01  4.221830e-01
  39  4.635114e-02  9.163582e-03  1.167282e-02  4.883031e+00  2.402296e-01  4.809137e-01  4.564854e-01
  40  8.253105e-02  1.517766e-02  1.219960e-02  4.883031e+00  2.402296e-01  6.835441e-01  4.669851e-01
  41  1.642168e-01  2.204047e-02  1.255272e-02  4.883031e+00  2.402296e-01  8.695077e-01  4.356083e-01
  42  2.470827e-02  2.748831e-02  2.002439e-02  7.485026e+00  3.401204e-01  1.428306e-01  3.402123e-01
  43  4.561468e-02  1.660649e-02  1.615484e-02  7.485026e+00  3.401204e-01  2.451806e-01  3.820368e-01
  44  3.764885e-02  2.042510e-02  1.363875e-02  7.485026e+00  3.401204e-01  3.432876e-01  4.209283e-01
  45  7.788848e-02  1.943832e-02  1.179203e-02  7.485026e+00  3.401204e-01  4.782361e-01  4.601272e-01
  46  6.202220e-02  3.400413e-02  1.210651e-02  7.485026e+00  3.401204e-01  6.808925e-01  5.032946e-01
  47  2.056791e-01  5.854064e-02  1.324086e-02  7.485026e+00  3.401204e-01  8.689891e-01  4.543409e-01
  48  8.758909e-02  5.037874e-02  2.025649e-02  1.024579e+01  4.520963e-01  1.411073e-01  3.345339e-01
  49 -1.671122e-03  3.033733e-02  1.611351e-02  1.024320e+01  4.520868e-01  2.436714e-01  3.958120e-01
  50  9.046387e-02  3.976199e-02  2.096172e-02  1.024320e+01  4.520868e-01  3.441491e-01  4.237500e-01
  51  4.253648e-02  4.099064e-02  1.166700e-02  1.024320e+01  4.520868e-01  4.825876e-01  4.867632e-01
  52  9.175242e-02  7.736582e-02  1.242170e-02  1.024305e+01  4.520621e-01  6.850977e-01  5.026031e-01
  53  1.981018e-01  1.147533e-01  1.295295e-02  1.024550e+01  4.521308e-01  8.629208e-01  5.063070e-01
