#************************************************************************
# 
#    These are published data of the HERMES Collaboration.
#    You are free to use these data in any publication. 
#    However, you must make a reference to the following publication:
# 
#    A. Airapetian et al, Phys. Rev. D 87 (2013) 074029 
# 
#************************************************************************
# 
# pi- multiplicities from HERMES
# Configuration: zx-3D (x: 9, z: 6, Php: 4)
# Projected to: 2D (x: 9, z: 6)
# Target: D
# Optional settings: VM subtracted
#
#  i          mult    stat (+/-)    syst (+/-)            Q2             x             z           Php
   0  4.045326e+00  2.813841e-02  1.170021e-01  1.193097e+00  3.348903e-02  1.596954e-01  4.079804e-01
   1  1.860844e+00  1.191434e-02  3.858084e-02  1.193097e+00  3.348903e-02  2.605979e-01  4.433145e-01
   2  9.132514e-01  8.287860e-03  2.199320e-02  1.193097e+00  3.348903e-02  3.616033e-01  4.745900e-01
   3  3.843953e-01  3.766298e-03  1.188316e-02  1.193097e+00  3.348903e-02  4.969274e-01  4.969659e-01
   4  1.217694e-01  2.092621e-03  4.642686e-03  1.193097e+00  3.348903e-02  6.925639e-01  4.854888e-01
   5  1.364364e-02  8.514080e-04  5.052887e-04  1.193097e+00  3.348903e-02  8.679800e-01  5.126081e-01
   6  3.744299e+00  3.046449e-02  1.028072e-01  1.382232e+00  4.767331e-02  1.522018e-01  3.858626e-01
   7  1.728909e+00  1.000383e-02  3.298935e-02  1.382232e+00  4.767331e-02  2.512235e-01  4.084596e-01
   8  8.675014e-01  6.706934e-03  1.547399e-02  1.382232e+00  4.767331e-02  3.514915e-01  4.446868e-01
   9  3.603273e-01  2.842993e-03  1.053336e-02  1.382232e+00  4.767331e-02  4.901189e-01  4.853934e-01
  10  1.164142e-01  1.424901e-03  3.902075e-03  1.382232e+00  4.767331e-02  6.880093e-01  4.893936e-01
  11  1.582684e-02  3.424417e-04  5.654833e-04  1.382232e+00  4.767331e-02  8.762832e-01  4.039827e-01
  12  3.647776e+00  3.069714e-02  8.582992e-02  1.555334e+00  6.495400e-02  1.484399e-01  3.707293e-01
  13  1.609064e+00  9.176844e-03  2.651332e-02  1.555334e+00  6.495400e-02  2.482925e-01  3.955988e-01
  14  8.334836e-01  6.118792e-03  1.591748e-02  1.555334e+00  6.495400e-02  3.486699e-01  4.283420e-01
  15  3.618469e-01  2.642791e-03  7.860608e-03  1.555334e+00  6.495400e-02  4.871051e-01  4.651060e-01
  16  1.240753e-01  1.384502e-03  3.303261e-03  1.555334e+00  6.495400e-02  6.884504e-01  4.760829e-01
  17  2.270348e-02  3.880705e-04  6.350476e-04  1.555334e+00  6.495400e-02  8.779390e-01  4.177882e-01
  18  3.339692e+00  2.887101e-02  8.016071e-02  1.727795e+00  8.728510e-02  1.450316e-01  3.475815e-01
  19  1.489280e+00  9.588470e-03  2.005838e-02  1.727795e+00  8.728510e-02  2.465891e-01  3.855713e-01
  20  7.770831e-01  6.222287e-03  1.009872e-02  1.727795e+00  8.728510e-02  3.462966e-01  4.127067e-01
  21  3.429590e-01  2.731426e-03  5.205747e-03  1.727795e+00  8.728510e-02  4.872970e-01  4.515229e-01
  22  1.383939e-01  1.735444e-03  4.873950e-03  1.727795e+00  8.728510e-02  6.904934e-01  4.807166e-01
  23  3.061461e-02  5.120624e-04  1.008159e-03  1.727795e+00  8.728510e-02  8.804784e-01  4.024280e-01
  24  3.210347e+00  2.891528e-02  9.855049e-02  2.173184e+00  1.175628e-01  1.430881e-01  3.351473e-01
  25  1.436490e+00  9.559907e-03  1.884893e-02  2.173184e+00  1.175628e-01  2.449458e-01  3.713700e-01
  26  7.766002e-01  6.160550e-03  1.235337e-02  2.173184e+00  1.175628e-01  3.460214e-01  4.057646e-01
  27  3.351324e-01  2.620718e-03  5.355090e-03  2.173184e+00  1.175628e-01  4.848215e-01  4.451940e-01
  28  1.281756e-01  1.672015e-03  4.268376e-03  2.173184e+00  1.175628e-01  6.899110e-01  4.766102e-01
  29  3.200497e-02  5.051265e-04  1.049184e-03  2.173184e+00  1.175628e-01  8.832834e-01  3.729335e-01
  30  3.123637e+00  3.615661e-02  9.138019e-02  3.167230e+00  1.656179e-01  1.422839e-01  3.288875e-01
  31  1.377756e+00  1.143140e-02  2.198481e-02  3.167230e+00  1.656179e-01  2.445779e-01  3.707061e-01
  32  7.415932e-01  7.127356e-03  1.236883e-02  3.167230e+00  1.656179e-01  3.454226e-01  4.059916e-01
  33  3.120090e-01  2.926942e-03  4.096069e-03  3.167230e+00  1.656179e-01  4.828689e-01  4.405027e-01
  34  1.184545e-01  1.839964e-03  3.791686e-03  3.167230e+00  1.656179e-01  6.871716e-01  4.837168e-01
  35  3.019653e-02  6.042003e-04  9.653579e-04  3.167230e+00  1.656179e-01  8.817897e-01  3.845443e-01
  36  3.068649e+00  5.120469e-02  1.006542e-01  4.877912e+00  2.397473e-01  1.418985e-01  3.278098e-01
  37  1.416769e+00  1.557754e-02  2.710051e-02  4.877871e+00  2.397462e-01  2.443134e-01  3.807995e-01
  38  7.591697e-01  9.535678e-03  1.353824e-02  4.877871e+00  2.397462e-01  3.442138e-01  4.218120e-01
  39  2.974593e-01  3.751521e-03  6.439907e-03  4.877871e+00  2.397462e-01  4.813243e-01  4.533075e-01
  40  1.058908e-01  2.208968e-03  2.385777e-03  4.877871e+00  2.397462e-01  6.840124e-01  4.773083e-01
  41  2.734511e-02  8.115635e-04  8.451837e-04  4.877871e+00  2.397462e-01  8.784930e-01  4.184308e-01
  42  3.210346e+00  1.277515e-01  1.307600e-01  7.476752e+00  3.397011e-01  1.424602e-01  3.617785e-01
  43  1.488457e+00  3.419987e-02  3.100241e-02  7.476752e+00  3.397011e-01  2.445199e-01  3.819674e-01
  44  7.358393e-01  2.089006e-02  1.379237e-02  7.476752e+00  3.397011e-01  3.451866e-01  4.292848e-01
  45  3.159202e-01  8.401345e-03  6.634800e-03  7.476752e+00  3.397011e-01  4.805396e-01  4.615257e-01
  46  9.660065e-02  4.629681e-03  2.568856e-03  7.476752e+00  3.397011e-01  6.859651e-01  4.763623e-01
  47  2.080877e-02  1.611388e-03  6.171368e-04  7.476752e+00  3.397011e-01  8.803098e-01  4.252070e-01
  48  3.907571e+00  2.651271e-01  1.708024e-01  1.024205e+01  4.516751e-01  1.402460e-01  3.289893e-01
  49  1.546888e+00  6.660283e-02  3.039690e-02  1.023497e+01  4.514519e-01  2.446150e-01  3.864156e-01
  50  8.095013e-01  4.400037e-02  2.028406e-02  1.023497e+01  4.514519e-01  3.444271e-01  4.221108e-01
  51  3.076617e-01  1.785838e-02  9.196796e-03  1.023497e+01  4.514519e-01  4.788417e-01  4.750669e-01
  52  9.000861e-02  9.487500e-03  2.193117e-03  1.023497e+01  4.514519e-01  6.787046e-01  4.837703e-01
  53  2.682060e-02  3.930721e-03  7.952623e-04  1.023608e+01  4.514904e-01  8.681225e-01  5.207677e-01
