#************************************************************************
# 
#    These are published data of the HERMES Collaboration.
#    You are free to use these data in any publication. 
#    However, you must make a reference to the following publication:
# 
#    A. Airapetian et al, Phys. Rev. D 87 (2013) 074029 
# 
#************************************************************************
# 
# pi+ target asymmetries from HERMES
# Configuration: zx-3D (x: 9, z: 6, Php: 4)
# Projected to: 2D (x: 9, z: 6)
# Optional settings: VM subtracted
#
#  i         asymm    stat (+/-)    syst (+/-)            Q2             x             z           Php
   0 -4.064544e-02  5.052388e-03  1.622836e-02  1.193053e+00  3.352578e-02  1.607582e-01  4.096357e-01
   1 -3.409940e-02  4.549390e-03  1.406327e-02  1.193053e+00  3.352578e-02  2.626495e-01  4.399140e-01
   2 -4.494187e-02  6.319171e-03  1.424848e-02  1.193053e+00  3.352578e-02  3.614453e-01  4.706993e-01
   3 -5.394734e-02  6.737804e-03  1.080331e-02  1.193053e+00  3.352578e-02  4.973681e-01  4.991678e-01
   4 -7.296239e-02  1.125554e-02  7.602404e-03  1.193053e+00  3.352578e-02  6.910075e-01  5.261458e-01
   5 -1.510276e-01  3.432066e-02  8.129441e-03  1.193053e+00  3.352578e-02  8.711468e-01  4.965868e-01
   6 -3.740408e-02  5.471889e-03  1.552438e-02  1.378543e+00  4.769428e-02  1.528410e-01  3.779892e-01
   7 -3.181942e-02  4.072931e-03  1.393550e-02  1.378543e+00  4.769428e-02  2.524063e-01  4.046160e-01
   8 -2.818616e-02  5.221099e-03  1.264751e-02  1.378543e+00  4.769428e-02  3.518460e-01  4.428472e-01
   9 -2.773183e-02  5.235491e-03  1.091956e-02  1.378543e+00  4.769428e-02  4.901539e-01  4.858673e-01
  10 -3.344994e-02  8.021689e-03  1.184730e-02  1.378543e+00  4.769428e-02  6.896580e-01  5.226646e-01
  11 -2.495840e-02  1.333310e-02  1.593757e-02  1.378543e+00  4.769428e-02  8.753556e-01  4.748759e-01
  12 -8.206566e-03  5.417473e-03  1.751843e-02  1.546139e+00  6.499065e-02  1.483549e-01  3.483042e-01
  13 -1.564898e-02  3.960849e-03  1.326266e-02  1.546139e+00  6.499065e-02  2.491952e-01  3.860707e-01
  14 -4.105959e-02  4.907452e-03  1.214256e-02  1.546139e+00  6.499065e-02  3.487568e-01  4.184407e-01
  15 -3.136696e-02  4.793554e-03  1.015602e-02  1.546139e+00  6.499065e-02  4.882907e-01  4.655187e-01
  16 -2.128486e-02  7.395077e-03  7.071872e-03  1.546139e+00  6.499065e-02  6.889007e-01  5.183124e-01
  17 -7.356547e-02  1.055186e-02  7.027717e-03  1.546139e+00  6.499065e-02  8.770551e-01  4.757473e-01
  18 -1.505235e-02  5.867220e-03  5.896340e-02  1.713564e+00  8.733686e-02  1.456407e-01  3.356321e-01
  19 -2.243883e-02  4.367759e-03  1.255572e-02  1.713564e+00  8.733686e-02  2.470963e-01  3.717593e-01
  20 -1.258250e-02  5.237879e-03  1.158350e-02  1.713564e+00  8.733686e-02  3.471642e-01  3.993134e-01
  21 -2.223990e-02  5.078465e-03  8.683396e-03  1.713564e+00  8.733686e-02  4.879435e-01  4.502207e-01
  22 -3.643046e-02  7.853496e-03  5.328478e-03  1.713564e+00  8.733686e-02  6.914318e-01  5.138242e-01
  23 -1.130244e-01  9.842955e-03  5.824699e-03  1.713564e+00  8.733686e-02  8.808805e-01  4.451357e-01
  24 -3.445009e-02  6.000805e-03  1.447714e-02  2.159913e+00  1.176152e-01  1.441690e-01  3.262600e-01
  25 -2.264313e-02  4.464981e-03  1.173098e-02  2.159913e+00  1.176152e-01  2.456020e-01  3.643265e-01
  26 -2.636357e-02  5.249791e-03  1.051192e-02  2.159913e+00  1.176152e-01  3.459593e-01  3.946973e-01
  27 -2.919115e-02  5.055852e-03  8.189355e-03  2.159913e+00  1.176152e-01  4.869206e-01  4.475415e-01
  28 -5.181512e-02  8.077288e-03  7.240748e-03  2.159913e+00  1.176152e-01  6.912204e-01  5.114492e-01
  29 -9.307772e-02  9.382872e-03  5.297462e-03  2.159913e+00  1.176152e-01  8.840193e-01  4.301217e-01
  30 -1.939010e-02  7.890052e-03  1.525877e-02  3.161097e+00  1.658096e-01  1.432191e-01  3.209753e-01
  31 -2.924223e-02  5.420101e-03  1.055522e-02  3.161097e+00  1.658096e-01  2.455885e-01  3.603688e-01
  32 -3.038472e-02  6.206642e-03  9.241016e-03  3.161097e+00  1.658096e-01  3.457855e-01  3.966420e-01
  33 -3.390306e-02  5.826948e-03  8.507450e-03  3.161097e+00  1.658096e-01  4.855775e-01  4.500734e-01
  34 -4.354766e-02  9.366860e-03  4.295533e-03  3.161097e+00  1.658096e-01  6.912800e-01  5.078034e-01
  35 -9.925055e-02  1.102486e-02  4.202374e-03  3.161097e+00  1.658096e-01  8.853649e-01  4.175420e-01
  36 -1.469084e-02  1.100623e-02  1.784166e-02  4.883031e+00  2.402296e-01  1.432624e-01  3.227945e-01
  37 -2.906614e-02  7.100764e-03  9.144253e-03  4.883031e+00  2.402296e-01  2.451377e-01  3.616893e-01
  38 -4.534141e-02  7.936559e-03  7.975612e-03  4.883031e+00  2.402296e-01  3.454405e-01  3.988574e-01
  39 -3.650818e-02  7.570586e-03  5.849616e-03  4.883031e+00  2.402296e-01  4.840955e-01  4.476195e-01
  40 -2.366745e-02  1.210050e-02  4.627494e-03  4.883031e+00  2.402296e-01  6.885274e-01  4.867094e-01
  41 -8.685728e-02  1.505055e-02  3.695071e-03  4.883031e+00  2.402296e-01  8.852098e-01  4.364495e-01
  42  2.117480e-02  2.647518e-02  1.130050e-02  7.485365e+00  3.400887e-01  1.434686e-01  3.201528e-01
  43 -3.707522e-02  1.463904e-02  9.190061e-03  7.485026e+00  3.401204e-01  2.451480e-01  3.721695e-01
  44 -2.160595e-02  1.707930e-02  7.650966e-03  7.485026e+00  3.401204e-01  3.454491e-01  3.943459e-01
  45 -2.229395e-02  1.608530e-02  6.465528e-03  7.485026e+00  3.401204e-01  4.837260e-01  4.491346e-01
  46 -5.049795e-02  2.680176e-02  3.669771e-03  7.485026e+00  3.401204e-01  6.867983e-01  4.742790e-01
  47 -6.663490e-02  3.311456e-02  2.563382e-03  7.485026e+00  3.401204e-01  8.846009e-01  4.413416e-01
  48 -7.787452e-02  4.980718e-02  1.162092e-02  1.024579e+01  4.520963e-01  1.429416e-01  3.390078e-01
  49 -7.245975e-02  2.790722e-02  9.204745e-03  1.024304e+01  4.520621e-01  2.450478e-01  3.570428e-01
  50 -4.352684e-02  3.387575e-02  7.693530e-03  1.024320e+01  4.520868e-01  3.464194e-01  4.045828e-01
  51 -5.281481e-02  3.305294e-02  5.845668e-03  1.024320e+01  4.520868e-01  4.834584e-01  4.321149e-01
  52 -1.840230e-02  5.116074e-02  1.146323e-02  1.024320e+01  4.520868e-01  6.912479e-01  5.199201e-01
  53 -1.521596e-01  7.424202e-02  4.916162e-03  1.024320e+01  4.520868e-01  8.791482e-01  4.570564e-01
