#************************************************************************
# 
#    These are published data of the HERMES Collaboration.
#    You are free to use these data in any publication. 
#    However, you must make a reference to the following publication:
# 
#    A. Airapetian et al, Phys. Rev. D 87 (2013) 074029 
# 
#************************************************************************
# 
# K- multiplicities from HERMES
# Configuration: zx-3D (x: 9, z: 6, Php: 4)
# Projected to: 2D (x: 9, z: 6)
# Target: D
# Optional settings: VM subtracted
#
#  i          mult    stat (+/-)    syst (+/-)            Q2             x             z           Php
   0  3.756964e-01  1.131722e-02  6.899906e-02  1.193097e+00  3.348903e-02  1.510462e-01  4.041480e-01
   1  2.075322e-01  4.498373e-03  1.360792e-02  1.193097e+00  3.348903e-02  2.545008e-01  4.427598e-01
   2  1.205324e-01  3.405639e-03  6.837648e-03  1.193097e+00  3.348903e-02  3.541474e-01  4.645620e-01
   3  5.553044e-02  1.639933e-03  3.237536e-03  1.193097e+00  3.348903e-02  4.904252e-01  5.207667e-01
   4  1.944556e-02  1.196255e-03  7.899388e-04  1.193097e+00  3.348903e-02  6.815877e-01  5.267652e-01
   5  3.561044e-03  6.952308e-04  2.433620e-04  1.193332e+00  3.348342e-02  8.499435e-01  6.217629e-01
   6  3.597952e-01  1.176333e-02  2.399383e-02  1.382232e+00  4.767331e-02  1.509133e-01  3.876122e-01
   7  1.946717e-01  3.885922e-03  1.114408e-02  1.382232e+00  4.767331e-02  2.502206e-01  4.196312e-01
   8  1.068783e-01  2.542883e-03  6.711700e-03  1.382232e+00  4.767331e-02  3.502000e-01  4.497980e-01
   9  5.254935e-02  1.210325e-03  4.289278e-03  1.382232e+00  4.767331e-02  4.843008e-01  4.873760e-01
  10  1.408567e-02  6.546185e-04  4.061440e-04  1.382232e+00  4.767331e-02  6.783912e-01  5.407052e-01
  11  1.831572e-03  2.531336e-04  7.209062e-05  1.382502e+00  4.767313e-02  8.464975e-01  4.693150e-01
  12  3.356570e-01  1.187722e-02  1.884474e-02  1.555334e+00  6.495400e-02  1.488117e-01  4.105178e-01
  13  1.813887e-01  3.592410e-03  9.015691e-03  1.555334e+00  6.495400e-02  2.477184e-01  4.116731e-01
  14  1.030801e-01  2.283307e-03  7.264290e-03  1.555334e+00  6.495400e-02  3.477007e-01  4.264150e-01
  15  4.783790e-02  1.036550e-03  2.687324e-03  1.555334e+00  6.495400e-02  4.869186e-01  4.710369e-01
  16  1.346839e-02  5.781217e-04  4.490356e-04  1.555334e+00  6.495400e-02  6.754767e-01  5.295258e-01
  17  1.039504e-03  1.582294e-04  3.950880e-05  1.555417e+00  6.495476e-02  8.458620e-01  5.441428e-01
  18  2.975923e-01  1.155956e-02  1.896381e-02  1.727911e+00  8.728500e-02  1.462979e-01  3.805254e-01
  19  1.429708e-01  3.341035e-03  6.487452e-03  1.727795e+00  8.728510e-02  2.476458e-01  3.966516e-01
  20  8.771927e-02  2.158174e-03  5.114951e-03  1.727795e+00  8.728510e-02  3.476483e-01  4.250587e-01
  21  3.871614e-02  9.578164e-04  2.445844e-03  1.727795e+00  8.728510e-02  4.867878e-01  4.757112e-01
  22  1.377176e-02  6.129863e-04  4.383244e-04  1.727795e+00  8.728510e-02  6.780001e-01  4.896600e-01
  23  8.343326e-04  1.411414e-04  3.456456e-05  1.727795e+00  8.728510e-02  8.348950e-01  5.275180e-01
  24  2.665957e-01  1.031804e-02  1.811035e-02  2.173360e+00  1.175623e-01  1.449627e-01  3.609602e-01
  25  1.407225e-01  3.379769e-03  5.127375e-03  2.173184e+00  1.175628e-01  2.466797e-01  4.141509e-01
  26  8.093194e-02  2.072093e-03  4.304952e-03  2.173184e+00  1.175628e-01  3.458488e-01  4.146843e-01
  27  3.568782e-02  8.934256e-04  2.049515e-03  2.173184e+00  1.175628e-01  4.838794e-01  4.668726e-01
  28  1.115342e-02  5.291726e-04  3.849126e-04  2.173184e+00  1.175628e-01  6.760757e-01  4.999736e-01
  29  4.705040e-04  1.143448e-04  1.881115e-05  2.173360e+00  1.175623e-01  8.427218e-01  4.988320e-01
  30  2.812315e-01  1.534145e-02  2.186635e-02  3.167519e+00  1.656187e-01  1.436692e-01  3.666108e-01
  31  1.409983e-01  4.332735e-03  5.450009e-03  3.167230e+00  1.656179e-01  2.448446e-01  3.990936e-01
  32  7.919127e-02  2.545339e-03  3.774883e-03  3.167230e+00  1.656179e-01  3.448898e-01  4.464774e-01
  33  3.168333e-02  9.820544e-04  1.661100e-03  3.167230e+00  1.656179e-01  4.846770e-01  4.668777e-01
  34  9.538306e-03  5.498785e-04  3.865397e-04  3.167230e+00  1.656179e-01  6.770222e-01  4.858383e-01
  35  5.383655e-04  2.446622e-04  2.817130e-05  3.162782e+00  1.656031e-01  8.332590e-01  4.752542e-01
  36  3.177616e-01  2.506367e-02  3.032960e-02  4.877871e+00  2.397462e-01  1.452495e-01  4.130764e-01
  37  1.371830e-01  6.130025e-03  6.448365e-03  4.877871e+00  2.397462e-01  2.434908e-01  4.122539e-01
  38  7.687244e-02  3.383813e-03  3.057390e-03  4.877871e+00  2.397462e-01  3.478210e-01  4.159902e-01
  39  2.825707e-02  1.217211e-03  1.131162e-03  4.877871e+00  2.397462e-01  4.787871e-01  4.742749e-01
  40  6.512155e-03  6.305491e-04  3.751344e-04  4.877912e+00  2.397473e-01  6.772410e-01  4.494866e-01
  41  8.797399e-04  4.427696e-04  5.337122e-05  4.876636e+00  2.397339e-01  8.521119e-01  3.335106e-01
  42  3.655911e-01  9.189405e-02  3.570276e-02  7.479047e+00  3.397218e-01  1.464728e-01  4.186009e-01
  43  1.526750e-01  1.487913e-02  7.894215e-03  7.477674e+00  3.397006e-01  2.431645e-01  4.155760e-01
  44  7.698937e-02  8.253328e-03  2.425085e-03  7.477213e+00  3.397008e-01  3.453943e-01  4.470192e-01
  45  3.131888e-02  2.990366e-03  9.805354e-04  7.476752e+00  3.397011e-01  4.778476e-01  5.039875e-01
  46  7.766926e-03  1.411966e-03  4.682923e-04  7.477213e+00  3.397008e-01  6.580453e-01  5.498658e-01
  47  1.185288e-03  5.685297e-04  6.981032e-05  7.474793e+00  3.396660e-01  8.730532e-01  4.362150e-01
  48  7.817210e-01  2.783643e-01  7.590795e-02  1.024180e+01  4.516652e-01  1.500260e-01  4.251137e-01
  49  1.850813e-01  3.572927e-02  9.441166e-03  1.024149e+01  4.516558e-01  2.454663e-01  4.692563e-01
  50  1.038970e-01  2.041420e-02  2.964962e-03  1.024149e+01  4.516557e-01  3.486097e-01  4.912713e-01
  51  3.593613e-02  6.689154e-03  1.051801e-03  1.023608e+01  4.514904e-01  4.567336e-01  4.736942e-01
  52  9.481056e-03  5.204469e-03  5.471740e-04  1.023372e+01  4.514211e-01  6.635477e-01  6.498713e-01
  53  0.000000e+00  0.000000e+00  0.000000e+00  0.000000e+00  0.000000e+00  0.000000e+00  0.000000e+00
