#************************************************************************
# 
#    These are published data of the HERMES Collaboration.
#    You are free to use these data in any publication. 
#    However, you must make a reference to the following publication:
# 
#    A. Airapetian et al, Phys. Rev. D 87 (2013) 074029 
# 
#************************************************************************
# 
# Kaon charge asymmetry from HERMES
# Configuration: zx-3D (x: 9, z: 6, Php: 4)
# Projected to: 2D (x: 9, z: 6)
# Target: D
# Optional settings: VM subtracted
#
#  i      A(K+,K-)    stat (+/-)    syst (+/-)            Q2             x             z           Php
   0  1.440985e-01  1.978520e-02  3.072672e-02  1.193097e+00  3.348903e-02  1.604449e-01  4.050896e-01
   1  1.884583e-01  1.369958e-02  2.439752e-02  1.193097e+00  3.348903e-02  2.617293e-01  4.357240e-01
   2  2.695392e-01  1.668854e-02  2.187761e-02  1.193097e+00  3.348903e-02  3.602589e-01  4.707395e-01
   3  3.475945e-01  1.645078e-02  2.241167e-02  1.193097e+00  3.348903e-02  4.963194e-01  5.059523e-01
   4  4.362010e-01  2.940262e-02  2.916817e-02  1.193097e+00  3.348903e-02  6.897873e-01  5.349954e-01
   5  5.288914e-01  7.817232e-02  3.015527e-02  1.193097e+00  3.348903e-02  8.643966e-01  4.591004e-01
   6  1.280499e-01  2.083821e-02  2.943101e-02  1.382232e+00  4.767331e-02  1.523667e-01  3.702146e-01
   7  1.927583e-01  1.261895e-02  2.140995e-02  1.382232e+00  4.767331e-02  2.522981e-01  4.074955e-01
   8  3.186305e-01  1.347028e-02  1.932261e-02  1.382232e+00  4.767331e-02  3.512524e-01  4.406679e-01
   9  3.579440e-01  1.250399e-02  1.668648e-02  1.382232e+00  4.767331e-02  4.900752e-01  4.832802e-01
  10  5.383733e-01  1.925945e-02  2.530009e-02  1.382232e+00  4.767331e-02  6.882467e-01  5.120192e-01
  11  7.374537e-01  3.299803e-02  2.844612e-02  1.382232e+00  4.767331e-02  8.742141e-01  4.615589e-01
  12  1.638934e-01  2.182149e-02  2.746194e-02  1.555334e+00  6.495400e-02  1.490787e-01  3.607509e-01
  13  2.091028e-01  1.215929e-02  1.960455e-02  1.555334e+00  6.495400e-02  2.491685e-01  3.880847e-01
  14  3.000205e-01  1.268246e-02  1.612541e-02  1.555334e+00  6.495400e-02  3.488796e-01  4.219727e-01
  15  3.965978e-01  1.110748e-02  1.710526e-02  1.555334e+00  6.495400e-02  4.881636e-01  4.723076e-01
  16  5.774584e-01  1.642305e-02  2.124177e-02  1.555334e+00  6.495400e-02  6.901176e-01  5.185728e-01
  17  8.614170e-01  2.019028e-02  2.714039e-02  1.555334e+00  6.495400e-02  8.751371e-01  4.570401e-01
  18  1.304276e-01  2.456219e-02  2.640088e-02  1.727795e+00  8.728510e-02  1.465991e-01  3.473743e-01
  19  2.409352e-01  1.405915e-02  1.755102e-02  1.727795e+00  8.728510e-02  2.468709e-01  3.749786e-01
  20  3.240591e-01  1.377935e-02  1.407715e-02  1.727795e+00  8.728510e-02  3.470569e-01  4.082050e-01
  21  4.890609e-01  1.115058e-02  1.190024e-02  1.727795e+00  8.728510e-02  4.880793e-01  4.544263e-01
  22  5.817459e-01  1.710845e-02  1.964790e-02  1.727795e+00  8.728510e-02  6.912402e-01  4.979716e-01
  23  8.816377e-01  1.919535e-02  1.937553e-02  1.727795e+00  8.728510e-02  8.774949e-01  4.460376e-01
  24  2.009824e-01  2.404802e-02  2.431139e-02  2.173184e+00  1.175628e-01  1.446831e-01  3.269980e-01
  25  2.678721e-01  1.414132e-02  1.654845e-02  2.173184e+00  1.175628e-01  2.457782e-01  3.660942e-01
  26  3.440711e-01  1.392566e-02  1.137054e-02  2.173184e+00  1.175628e-01  3.460310e-01  3.976668e-01
  27  4.932619e-01  1.122467e-02  1.185533e-02  2.173184e+00  1.175628e-01  4.876259e-01  4.468464e-01
  28  6.521051e-01  1.521460e-02  1.692909e-02  2.173184e+00  1.175628e-01  6.903494e-01  5.041603e-01
  29  9.343801e-01  1.557335e-02  1.779482e-02  2.173184e+00  1.175628e-01  8.794870e-01  4.231141e-01
  30  1.490552e-01  3.456814e-02  2.519039e-02  3.167519e+00  1.656187e-01  1.431763e-01  3.248337e-01
  31  2.499164e-01  1.831920e-02  1.729824e-02  3.167230e+00  1.656179e-01  2.449578e-01  3.640308e-01
  32  3.726414e-01  1.681907e-02  1.431444e-02  3.167230e+00  1.656179e-01  3.453869e-01  3.944272e-01
  33  5.460648e-01  1.254912e-02  1.415701e-02  3.167230e+00  1.656179e-01  4.857069e-01  4.465252e-01
  34  6.644604e-01  1.794428e-02  1.829082e-02  3.167230e+00  1.656179e-01  6.883168e-01  5.028311e-01
  35  9.140957e-01  3.748908e-02  1.682618e-02  3.167230e+00  1.656179e-01  8.827890e-01  4.207422e-01
  36  1.032078e-01  5.408045e-02  3.560940e-02  4.877871e+00  2.397462e-01  1.429296e-01  3.249120e-01
  37  3.069155e-01  2.498003e-02  2.628387e-02  4.877871e+00  2.397462e-01  2.453339e-01  3.653614e-01
  38  3.882614e-01  2.279694e-02  2.197011e-02  4.877871e+00  2.397462e-01  3.456628e-01  3.931643e-01
  39  5.820050e-01  1.616039e-02  2.116519e-02  4.877871e+00  2.397462e-01  4.837907e-01  4.439540e-01
  40  7.640465e-01  2.145101e-02  2.599618e-02  4.877871e+00  2.397462e-01  6.866522e-01  4.862128e-01
  41  8.670066e-01  6.279037e-02  2.459838e-02  4.877871e+00  2.397462e-01  8.780868e-01  4.473926e-01
  42  1.353794e-01  1.421306e-01  3.447582e-02  7.476752e+00  3.397011e-01  1.432738e-01  3.333426e-01
  43  2.729952e-01  5.856383e-02  2.658944e-02  7.476752e+00  3.397011e-01  2.453108e-01  3.655324e-01
  44  4.309153e-01  5.143634e-02  2.204637e-02  7.476752e+00  3.397011e-01  3.449502e-01  4.017465e-01
  45  5.867699e-01  3.496744e-02  1.931012e-02  7.476752e+00  3.397011e-01  4.831996e-01  4.412887e-01
  46  7.282831e-01  4.610777e-02  2.923384e-02  7.476752e+00  3.397011e-01  6.865958e-01  4.868334e-01
  47  8.326968e-01  7.536752e-02  2.745915e-02  7.476752e+00  3.397011e-01  8.771915e-01  4.585759e-01
  48 -3.584700e-01  2.254797e-01  4.767359e-02  1.023081e+01  4.513249e-01  1.435488e-01  3.304389e-01
  49  2.524775e-01  1.153096e-01  2.708913e-02  1.023553e+01  4.514712e-01  2.451454e-01  3.482470e-01
  50  2.190292e-01  1.166707e-01  2.100730e-02  1.023497e+01  4.514519e-01  3.450937e-01  4.064661e-01
  51  4.738268e-01  8.326088e-02  1.906110e-02  1.023497e+01  4.514519e-01  4.818218e-01  4.387819e-01
  52  5.935457e-01  1.932051e-01  2.789549e-02  1.023497e+01  4.514519e-01  6.860646e-01  4.661966e-01
  53 -1.034394e+00  7.953722e-03  2.445678e-02  1.023497e+01  4.514519e-01  8.661362e-01  4.719068e-01
