#************************************************************************
# 
#    These are published data of the HERMES Collaboration.
#    You are free to use these data in any publication. 
#    However, you must make a reference to the following publication:
# 
#    A. Airapetian et al, Phys. Rev. D 87 (2013) 074029 
# 
#************************************************************************
# 
# K+/pi+ multiplicity ratio from HERMES
# Configuration: zx-3D (x: 9, z: 6, Php: 4)
# Projected to: 2D (x: 9, z: 6)
# Target: D
# Optional settings: VM subtracted
#
#  i        K+/pi+    stat (+/-)    syst (+/-)            Q2             x             z           Php
   0  1.200634e-01  3.338490e-03  9.110072e-03  1.193097e+00  3.348903e-02  1.604449e-01  4.050896e-01
   1  1.504815e-01  2.918044e-03  8.194956e-03  1.193097e+00  3.348903e-02  2.617293e-01  4.357240e-01
   2  2.036709e-01  4.877099e-03  9.633069e-03  1.193097e+00  3.348903e-02  3.602589e-01  4.707395e-01
   3  2.586704e-01  6.423091e-03  1.350108e-02  1.193097e+00  3.348903e-02  4.963194e-01  5.059523e-01
   4  3.396512e-01  1.416872e-02  1.809392e-02  1.193097e+00  3.348903e-02  6.897873e-01  5.349954e-01
   5  6.393177e-01  6.850327e-02  2.299382e-02  1.193097e+00  3.348903e-02  8.643966e-01  4.591004e-01
   6  1.221850e-01  3.416020e-03  8.845020e-03  1.382232e+00  4.767331e-02  1.523667e-01  3.702146e-01
   7  1.516628e-01  2.714276e-03  7.827848e-03  1.382232e+00  4.767331e-02  2.522981e-01  4.074955e-01
   8  2.017595e-01  3.957129e-03  9.668414e-03  1.382232e+00  4.767331e-02  3.512524e-01  4.406679e-01
   9  2.484361e-01  4.609423e-03  1.253359e-02  1.382232e+00  4.767331e-02  4.900752e-01  4.832802e-01
  10  2.938175e-01  8.840106e-03  1.863889e-02  1.382232e+00  4.767331e-02  6.882467e-01  5.120192e-01
  11  4.029623e-01  1.882552e-02  2.122501e-02  1.382232e+00  4.767331e-02  8.742141e-01  4.615589e-01
  12  1.262653e-01  3.608154e-03  8.105611e-03  1.555334e+00  6.495400e-02  1.490787e-01  3.607509e-01
  13  1.534385e-01  2.587563e-03  8.687406e-03  1.555334e+00  6.495400e-02  2.491685e-01  3.880847e-01
  14  1.952503e-01  3.567384e-03  9.875280e-03  1.555334e+00  6.495400e-02  3.488796e-01  4.219727e-01
  15  2.443484e-01  4.015748e-03  1.270308e-02  1.555334e+00  6.495400e-02  4.881636e-01  4.723076e-01
  16  2.848182e-01  7.491214e-03  1.835115e-02  1.555334e+00  6.495400e-02  6.901176e-01  5.185728e-01
  17  3.509668e-01  1.383011e-02  1.764209e-02  1.555334e+00  6.495400e-02  8.751371e-01  4.570401e-01
  18  1.147365e-01  3.730460e-03  7.195455e-03  1.727795e+00  8.728510e-02  1.465991e-01  3.473743e-01
  19  1.401267e-01  2.740091e-03  6.734520e-03  1.727795e+00  8.728510e-02  2.468709e-01  3.749786e-01
  20  1.786024e-01  3.554558e-03  7.901343e-03  1.727795e+00  8.728510e-02  3.470569e-01  4.082050e-01
  21  2.493261e-01  4.301341e-03  1.127828e-02  1.727795e+00  8.728510e-02  4.880793e-01  4.544263e-01
  22  2.585077e-01  7.380409e-03  1.621580e-02  1.727795e+00  8.728510e-02  6.912402e-01  4.979716e-01
  23  2.609861e-01  9.404526e-03  1.629601e-02  1.727795e+00  8.728510e-02  8.774949e-01  4.460376e-01
  24  1.244787e-01  4.096537e-03  7.246094e-03  2.173184e+00  1.175628e-01  1.446831e-01  3.269980e-01
  25  1.502088e-01  2.967697e-03  5.840232e-03  2.173184e+00  1.175628e-01  2.457782e-01  3.660942e-01
  26  1.792068e-01  3.570143e-03  7.020765e-03  2.173184e+00  1.175628e-01  3.460310e-01  3.976668e-01
  27  2.376757e-01  4.148253e-03  9.665814e-03  2.173184e+00  1.175628e-01  4.876259e-01  4.468464e-01
  28  2.792445e-01  7.299415e-03  1.540203e-02  2.173184e+00  1.175628e-01  6.903494e-01  5.041603e-01
  29  2.505264e-01  9.133422e-03  1.463391e-02  2.173184e+00  1.175628e-01  8.794870e-01  4.231141e-01
  30  1.200991e-01  5.564126e-03  6.751190e-03  3.167519e+00  1.656187e-01  1.431763e-01  3.248337e-01
  31  1.462926e-01  3.703893e-03  4.875156e-03  3.167230e+00  1.656179e-01  2.449578e-01  3.640308e-01
  32  1.879724e-01  4.485047e-03  5.649869e-03  3.167230e+00  1.656179e-01  3.453869e-01  3.944272e-01
  33  2.457547e-01  4.827830e-03  8.042172e-03  3.167230e+00  1.656179e-01  4.857069e-01  4.465252e-01
  34  2.636002e-01  8.257350e-03  1.306940e-02  3.167230e+00  1.656179e-01  6.883168e-01  5.028311e-01
  35  2.304527e-01  9.375600e-03  1.260502e-02  3.167230e+00  1.656179e-01  8.827890e-01  4.207422e-01
  36  1.191047e-01  9.199010e-03  7.450917e-03  4.877871e+00  2.397462e-01  1.429296e-01  3.249120e-01
  37  1.557695e-01  5.277097e-03  7.801362e-03  4.877871e+00  2.397462e-01  2.453339e-01  3.653614e-01
  38  1.861761e-01  6.101212e-03  8.435704e-03  4.877871e+00  2.397462e-01  3.456628e-01  3.931643e-01
  39  2.535257e-01  6.459773e-03  1.107219e-02  4.877871e+00  2.397462e-01  4.837907e-01  4.439540e-01
  40  2.830678e-01  1.111794e-02  1.621857e-02  4.877871e+00  2.397462e-01  6.866522e-01  4.862128e-01
  41  2.457342e-01  1.340222e-02  1.503641e-02  4.877871e+00  2.397462e-01  8.780868e-01  4.473926e-01
  42  1.357722e-01  2.009337e-02  9.266645e-03  7.476752e+00  3.397011e-01  1.432738e-01  3.333426e-01
  43  1.540891e-01  1.286101e-02  8.941212e-03  7.476752e+00  3.397011e-01  2.453108e-01  3.655324e-01
  44  1.977516e-01  1.408182e-02  7.838157e-03  7.476752e+00  3.397011e-01  3.449502e-01  4.017465e-01
  45  2.769532e-01  1.460940e-02  1.025826e-02  7.476752e+00  3.397011e-01  4.831996e-01  4.412887e-01
  46  3.189547e-01  2.679245e-02  1.543582e-02  7.476752e+00  3.397011e-01  6.865958e-01  4.868334e-01
  47  2.626162e-01  3.093949e-02  1.380295e-02  7.476752e+00  3.397011e-01  8.771915e-01  4.585759e-01
  48  1.004917e-01  3.845992e-02  9.211813e-03  1.023081e+01  4.513249e-01  1.435488e-01  3.304389e-01
  49  1.796719e-01  2.849430e-02  1.083125e-02  1.023553e+01  4.514712e-01  2.451454e-01  3.482470e-01
  50  1.615376e-01  2.497101e-02  6.925654e-03  1.023497e+01  4.514519e-01  3.450937e-01  4.064661e-01
  51  2.379081e-01  2.803035e-02  9.687578e-03  1.023497e+01  4.514519e-01  4.818218e-01  4.387819e-01
  52  2.119682e-01  5.188981e-02  1.410916e-02  1.023497e+01  4.514519e-01  6.860646e-01  4.661966e-01
  53  3.906865e-01  1.003832e-01  1.805394e-02  1.023497e+01  4.514519e-01  8.661362e-01  4.719068e-01
