#************************************************************************
# 
#    These are published data of the HERMES Collaboration.
#    You are free to use these data in any publication. 
#    However, you must make a reference to the following publication:
# 
#    A. Airapetian et al, Phys. Rev. D 87 (2013) 074029 
# 
#************************************************************************
# 
# K-/pi- multiplicity ratio from HERMES
# Configuration: zx-3D (x: 9, z: 6, Php: 4)
# Projected to: 2D (x: 9, z: 6)
# Target: D
# Optional settings: VM subtracted
#
#  i        K-/pi-    stat (+/-)    syst (+/-)            Q2             x             z           Php
   0  9.287174e-02  2.871219e-03  1.180939e-02  1.193097e+00  3.348903e-02  1.604449e-01  4.050896e-01
   1  1.115258e-01  2.520640e-03  1.405603e-02  1.193097e+00  3.348903e-02  2.617293e-01  4.357240e-01
   2  1.319816e-01  3.916767e-03  1.413371e-02  1.193097e+00  3.348903e-02  3.602589e-01  4.707395e-01
   3  1.444618e-01  4.494940e-03  2.757977e-02  1.193097e+00  3.348903e-02  4.963194e-01  5.059523e-01
   4  1.596917e-01  1.020005e-02  2.891541e-02  1.193097e+00  3.348903e-02  6.897873e-01  5.349954e-01
   5  2.610040e-01  5.349615e-02  3.318665e-02  1.193097e+00  3.348903e-02  8.643966e-01  4.591004e-01
   6  9.609147e-02  3.237483e-03  1.868443e-02  1.382232e+00  4.767331e-02  1.523667e-01  3.702146e-01
   7  1.125980e-01  2.340138e-03  1.483270e-02  1.382232e+00  4.767331e-02  2.522981e-01  4.074955e-01
   8  1.232024e-01  3.082150e-03  1.955453e-02  1.382232e+00  4.767331e-02  3.512524e-01  4.406679e-01
   9  1.458378e-01  3.550583e-03  1.674694e-02  1.382232e+00  4.767331e-02  4.900752e-01  4.832802e-01
  10  1.209962e-01  5.814942e-03  2.128330e-02  1.382232e+00  4.767331e-02  6.882467e-01  5.120192e-01
  11  1.157257e-01  1.618876e-02  2.151363e-02  1.382232e+00  4.767331e-02  8.742141e-01  4.615589e-01
  12  9.201688e-02  3.346830e-03  1.097101e-02  1.555334e+00  6.495400e-02  1.490787e-01  3.607509e-01
  13  1.127293e-01  2.323335e-03  2.200514e-02  1.555334e+00  6.495400e-02  2.491685e-01  3.880847e-01
  14  1.236738e-01  2.886006e-03  1.405034e-02  1.555334e+00  6.495400e-02  3.488796e-01  4.219727e-01
  15  1.322048e-01  3.022966e-03  2.183352e-02  1.555334e+00  6.495400e-02  4.881636e-01  4.723076e-01
  16  1.085501e-01  4.814310e-03  1.457830e-02  1.555334e+00  6.495400e-02  6.901176e-01  5.185728e-01
  17  4.578612e-02  7.013196e-03  5.297766e-03  1.555334e+00  6.495400e-02  8.751371e-01  4.570401e-01
  18  8.910770e-02  3.545949e-03  9.862744e-03  1.727795e+00  8.728510e-02  1.465991e-01  3.473743e-01
  19  9.599998e-02  2.326976e-03  1.077885e-02  1.727795e+00  8.728510e-02  2.468709e-01  3.749786e-01
  20  1.128827e-01  2.920660e-03  2.251735e-02  1.727795e+00  8.728510e-02  3.470569e-01  4.082050e-01
  21  1.128885e-01  2.933953e-03  1.681549e-02  1.727795e+00  8.728510e-02  4.880793e-01  4.544263e-01
  22  9.951130e-02  4.601711e-03  1.630485e-02  1.727795e+00  8.728510e-02  6.912402e-01  4.979716e-01
  23  2.725276e-02  4.632744e-03  4.135382e-03  1.727795e+00  8.728510e-02  8.774949e-01  4.460376e-01
  24  8.304266e-02  3.299881e-03  9.479710e-03  2.173184e+00  1.175628e-01  1.446831e-01  3.269980e-01
  25  9.796276e-02  2.441452e-03  1.756292e-02  2.173184e+00  1.175628e-01  2.457782e-01  3.660942e-01
  26  1.042131e-01  2.793295e-03  2.047766e-02  2.173184e+00  1.175628e-01  3.460310e-01  3.976668e-01
  27  1.064887e-01  2.792922e-03  1.406608e-02  2.173184e+00  1.175628e-01  4.876259e-01  4.468464e-01
  28  8.701670e-02  4.281701e-03  1.064147e-02  2.173184e+00  1.175628e-01  6.903494e-01  5.041603e-01
  29  1.470097e-02  3.580247e-03  2.826308e-03  2.173184e+00  1.175628e-01  8.794870e-01  4.231141e-01
  30  9.003337e-02  5.020757e-03  1.184583e-02  3.167519e+00  1.656187e-01  1.431763e-01  3.248337e-01
  31  1.023391e-01  3.257395e-03  2.070789e-02  3.167230e+00  1.656179e-01  2.449578e-01  3.640308e-01
  32  1.067853e-01  3.582413e-03  1.354661e-02  3.167230e+00  1.656179e-01  3.453869e-01  3.944272e-01
  33  1.015462e-01  3.288514e-03  1.912388e-02  3.167230e+00  1.656179e-01  4.857069e-01  4.465252e-01
  34  8.052296e-02  4.807659e-03  9.323418e-03  3.167230e+00  1.656179e-01  6.883168e-01  5.028311e-01
  35  1.782872e-02  8.110179e-03  3.358575e-03  3.167230e+00  1.656179e-01  8.827890e-01  4.207422e-01
  36  1.035510e-01  8.348428e-03  1.812209e-02  4.877871e+00  2.397462e-01  1.429296e-01  3.249120e-01
  37  9.682802e-02  4.455819e-03  1.073871e-02  4.877871e+00  2.397462e-01  2.453339e-01  3.653614e-01
  38  1.012586e-01  4.635169e-03  1.386808e-02  4.877871e+00  2.397462e-01  3.456628e-01  3.931643e-01
  39  9.499474e-02  4.263803e-03  1.915365e-02  4.877871e+00  2.397462e-01  4.837907e-01  4.439540e-01
  40  6.149878e-02  6.091342e-03  1.108111e-02  4.877871e+00  2.397462e-01  6.866522e-01  4.862128e-01
  41  3.217174e-02  1.622004e-02  5.914221e-03  4.877871e+00  2.397462e-01  8.780868e-01  4.473926e-01
  42  1.138790e-01  2.898084e-02  1.844340e-02  7.476752e+00  3.397011e-01  1.432738e-01  3.333426e-01
  43  1.025727e-01  1.027042e-02  1.961321e-02  7.476752e+00  3.397011e-01  2.453108e-01  3.655324e-01
  44  1.046280e-01  1.160285e-02  1.294364e-02  7.476752e+00  3.397011e-01  3.449502e-01  4.017465e-01
  45  9.913542e-02  9.825852e-03  1.850840e-02  7.476752e+00  3.397011e-01  4.831996e-01  4.412887e-01
  46  8.040242e-02  1.511592e-02  1.386997e-02  7.476752e+00  3.397011e-01  6.865958e-01  4.868334e-01
  47  5.696097e-02  2.767541e-02  8.521445e-03  7.476752e+00  3.397011e-01  8.771915e-01  4.585759e-01
  48  2.000529e-01  7.251879e-02  3.624275e-02  1.023081e+01  4.513249e-01  1.435488e-01  3.304389e-01
  49  1.196475e-01  2.366502e-02  1.777978e-02  1.023553e+01  4.514712e-01  2.451454e-01  3.482470e-01
  50  1.283469e-01  2.616540e-02  2.085157e-02  1.023497e+01  4.514519e-01  3.450937e-01  4.064661e-01
  51  1.168040e-01  2.277451e-02  1.677120e-02  1.023497e+01  4.514519e-01  4.818218e-01  4.387819e-01
  52  1.053350e-01  5.887825e-02  1.199970e-02  1.023497e+01  4.514519e-01  6.860646e-01  4.661966e-01
  53 -3.728477e+01  5.464307e+00  8.346688e-01  1.023497e+01  4.514519e-01  8.661362e-01  4.719068e-01
