#************************************************************************
# 
#    These are published data of the HERMES Collaboration.
#    You are free to use these data in any publication. 
#    However, you must make a reference to the following publication:
# 
#    A. Airapetian et al, Phys. Rev. D 87 (2013) 074029 
# 
#************************************************************************
# 
# K- multiplicities from HERMES
# Configuration: zx-3D (x: 9, z: 6, Php: 4)
# Projected to: 2D (x: 9, z: 6)
# Target: H
# Optional settings: VM subtracted
#
#  i          mult    stat (+/-)    syst (+/-)            Q2             x             z           Php
   0  3.731134e-01  1.352623e-02  1.291175e-01  1.193089e+00  3.352564e-02  1.541677e-01  4.165554e-01
   1  2.005450e-01  4.881938e-03  1.259344e-02  1.193053e+00  3.352578e-02  2.567352e-01  4.466455e-01
   2  1.295623e-01  3.903166e-03  9.010348e-03  1.193053e+00  3.352578e-02  3.532086e-01  4.747392e-01
   3  5.373671e-02  1.748731e-03  2.556537e-03  1.193053e+00  3.352578e-02  4.927786e-01  5.134139e-01
   4  1.922828e-02  1.268505e-03  1.138357e-03  1.193053e+00  3.352578e-02  6.765926e-01  5.437509e-01
   5  2.738780e-03  9.543543e-04  3.161633e-04  1.193029e+00  3.352624e-02  8.660825e-01  5.037350e-01
   6  3.544241e-01  1.453198e-02  2.207942e-02  1.378543e+00  4.769428e-02  1.526856e-01  4.102630e-01
   7  1.970047e-01  4.204652e-03  1.168060e-02  1.378543e+00  4.769428e-02  2.492942e-01  4.219626e-01
   8  1.065346e-01  2.745462e-03  6.477396e-03  1.378543e+00  4.769428e-02  3.474968e-01  4.508943e-01
   9  4.972336e-02  1.275257e-03  2.249887e-03  1.378543e+00  4.769428e-02  4.884257e-01  4.999531e-01
  10  1.596324e-02  7.460833e-04  8.769312e-04  1.378543e+00  4.769428e-02  6.785248e-01  5.100082e-01
  11  1.174670e-03  2.351599e-04  8.118500e-05  1.378669e+00  4.769382e-02  8.576183e-01  4.180372e-01
  12  3.019785e-01  1.263881e-02  1.702525e-02  1.546139e+00  6.499065e-02  1.487061e-01  4.018575e-01
  13  1.738496e-01  3.831098e-03  9.073298e-03  1.546139e+00  6.499065e-02  2.479106e-01  4.169980e-01
  14  1.034398e-01  2.436651e-03  5.578851e-03  1.546139e+00  6.499065e-02  3.467859e-01  4.275646e-01
  15  4.417623e-02  1.048097e-03  2.399635e-03  1.546139e+00  6.499065e-02  4.825404e-01  4.665910e-01
  16  1.291541e-02  6.104749e-04  6.656207e-04  1.546139e+00  6.499065e-02  6.786426e-01  5.451877e-01
  17  9.445803e-04  1.700482e-04  5.313143e-05  1.546139e+00  6.499065e-02  8.466719e-01  5.144261e-01
  18  2.885090e-01  1.274880e-02  1.543763e-02  1.714241e+00  8.733658e-02  1.484771e-01  4.043099e-01
  19  1.439971e-01  3.623457e-03  6.983845e-03  1.713564e+00  8.733686e-02  2.464350e-01  4.069131e-01
  20  7.937316e-02  2.179302e-03  4.932093e-03  1.713564e+00  8.733686e-02  3.465001e-01  4.202852e-01
  21  3.638077e-02  9.602072e-04  2.172973e-03  1.713564e+00  8.733686e-02  4.865214e-01  4.589557e-01
  22  1.218604e-02  5.820946e-04  7.799338e-04  1.713564e+00  8.733686e-02  6.785776e-01  4.929177e-01
  23  6.618017e-04  1.552729e-04  4.384505e-05  1.710716e+00  8.733842e-02  8.402062e-01  5.291961e-01
  24  2.735065e-01  1.189918e-02  1.693050e-02  2.159913e+00  1.176152e-01  1.462367e-01  3.733439e-01
  25  1.335105e-01  3.578391e-03  6.119465e-03  2.159913e+00  1.176152e-01  2.462695e-01  4.110416e-01
  26  7.342658e-02  2.080278e-03  4.557591e-03  2.159913e+00  1.176152e-01  3.460908e-01  4.346436e-01
  27  3.313791e-02  8.886441e-04  1.954401e-03  2.159913e+00  1.176152e-01  4.831529e-01  4.736223e-01
  28  1.024525e-02  5.369514e-04  7.422652e-04  2.159913e+00  1.176152e-01  6.759672e-01  5.063197e-01
  29  4.220541e-04  1.277206e-04  3.419151e-05  2.159276e+00  1.176120e-01  8.332932e-01  4.171189e-01
  30  2.547656e-01  1.594398e-02  1.673058e-02  3.161097e+00  1.658096e-01  1.448817e-01  3.787601e-01
  31  1.351153e-01  4.649726e-03  5.923408e-03  3.161097e+00  1.658096e-01  2.460169e-01  4.188625e-01
  32  7.130497e-02  2.527291e-03  4.408031e-03  3.161097e+00  1.658096e-01  3.435147e-01  4.335298e-01
  33  2.978049e-02  9.873998e-04  1.816823e-03  3.161097e+00  1.658096e-01  4.793829e-01  4.772679e-01
  34  8.224995e-03  5.515339e-04  7.066108e-04  3.161097e+00  1.658096e-01  6.693565e-01  5.077682e-01
  35  5.003838e-04  1.217972e-04  4.390930e-05  3.162259e+00  1.658177e-01  8.362854e-01  4.882130e-01
  36  2.749915e-01  2.614632e-02  2.237955e-02  4.882072e+00  2.402295e-01  1.444602e-01  3.703264e-01
  37  1.513190e-01  6.905964e-03  7.830724e-03  4.883031e+00  2.402296e-01  2.432331e-01  4.475367e-01
  38  7.316945e-02  3.571409e-03  3.239786e-03  4.883031e+00  2.402296e-01  3.428634e-01  4.317850e-01
  39  2.997737e-02  1.303232e-03  1.638909e-03  4.883031e+00  2.402296e-01  4.809892e-01  4.874898e-01
  40  6.280618e-03  5.875066e-04  7.232555e-04  4.883031e+00  2.402296e-01  6.721234e-01  4.671745e-01
  41  7.965330e-04  3.875003e-04  9.160906e-05  4.880826e+00  2.402047e-01  8.777536e-01  5.462549e-01
  42  2.444498e-01  5.514688e-02  1.984458e-02  7.484609e+00  3.401594e-01  1.451771e-01  3.612863e-01
  43  1.500032e-01  1.451575e-02  7.966165e-03  7.485026e+00  3.401204e-01  2.447641e-01  4.182988e-01
  44  6.679133e-02  7.656892e-03  2.749911e-03  7.485026e+00  3.401204e-01  3.479423e-01  4.249291e-01
  45  3.251790e-02  2.868665e-03  1.720223e-03  7.485026e+00  3.401204e-01  4.793398e-01  4.844987e-01
  46  3.788182e-03  1.244744e-03  4.394402e-04  7.485637e+00  3.400942e-01  6.639816e-01  5.810902e-01
  47  1.039587e-03  4.585960e-04  1.207246e-04  7.483552e+00  3.401280e-01  8.467414e-01  3.723395e-01
  48  3.460630e-01  1.580905e-01  2.840442e-02  1.024511e+01  4.520704e-01  1.420227e-01  4.636369e-01
  49  1.182123e-01  2.767020e-02  7.642496e-03  1.024080e+01  4.520779e-01  2.517934e-01  3.935235e-01
  50  8.316490e-02  1.613855e-02  3.382099e-03  1.024289e+01  4.520375e-01  3.423310e-01  4.349946e-01
  51  3.263776e-02  7.887484e-03  1.712978e-03  1.024206e+01  4.520650e-01  4.758895e-01  4.879400e-01
  52  8.180926e-03  3.594833e-03  9.478037e-04  1.023601e+01  4.519060e-01  6.510787e-01  4.924642e-01
  53  0.000000e+00  0.000000e+00  0.000000e+00  0.000000e+00  0.000000e+00  0.000000e+00  0.000000e+00
