#************************************************************************
# 
#    These are published data of the HERMES Collaboration.
#    You are free to use these data in any publication. 
#    However, you must make a reference to the following publication:
# 
#    A. Airapetian et al, Phys. Rev. D 87 (2013) 074029 
# 
#************************************************************************
# 
# pi+ multiplicities from HERMES
# Configuration: zx-3D (x: 9, z: 6, Php: 4)
# Projected to: 2D (x: 9, z: 6)
# Target: D
# Optional settings: VM subtracted
#
#  i          mult    stat (+/-)    syst (+/-)            Q2             x             z           Php
   0  4.182790e+00  2.887767e-02  9.927424e-02  1.193097e+00  3.348903e-02  1.604449e-01  4.050896e-01
   1  2.019647e+00  1.258583e-02  4.571675e-02  1.193097e+00  3.348903e-02  2.617293e-01  4.357240e-01
   2  1.028547e+00  8.986255e-03  1.929604e-02  1.193097e+00  3.348903e-02  3.602589e-01  4.707395e-01
   3  4.434309e-01  4.165587e-03  1.466686e-02  1.193097e+00  3.348903e-02  4.963194e-01  5.059523e-01
   4  1.458405e-01  2.308290e-03  4.074733e-03  1.193097e+00  3.348903e-02  6.897873e-01  5.349954e-01
   5  1.807658e-02  9.003245e-04  4.821679e-04  1.193097e+00  3.348903e-02  8.643966e-01  4.591004e-01
   6  3.809555e+00  2.831700e-02  8.731757e-02  1.382232e+00  4.767331e-02  1.523667e-01  3.702146e-01
   7  1.896587e+00  1.067720e-02  3.511261e-02  1.382232e+00  4.767331e-02  2.522981e-01  4.074955e-01
   8  1.025170e+00  7.368501e-03  1.780489e-02  1.382232e+00  4.767331e-02  3.512524e-01  4.406679e-01
   9  4.473646e-01  3.226336e-03  1.256127e-02  1.382232e+00  4.767331e-02  4.900752e-01  4.832802e-01
  10  1.597609e-01  1.772375e-03  5.235708e-03  1.382232e+00  4.767331e-02  6.882467e-01  5.120192e-01
  11  3.007925e-02  5.643084e-04  1.020432e-03  1.382232e+00  4.767331e-02  8.742141e-01  4.615589e-01
  12  3.700524e+00  2.803012e-02  6.803270e-02  1.555334e+00  6.495400e-02  1.490787e-01  3.607509e-01
  13  1.807255e+00  9.885210e-03  2.630639e-02  1.555334e+00  6.495400e-02  2.491685e-01  3.880847e-01
  14  9.805004e-01  6.759518e-03  1.749370e-02  1.555334e+00  6.495400e-02  3.488796e-01  4.219727e-01
  15  4.531346e-01  3.028691e-03  1.068798e-02  1.555334e+00  6.495400e-02  4.881636e-01  4.723076e-01
  16  1.765372e-01  1.816901e-03  2.816363e-03  1.555334e+00  6.495400e-02  6.901176e-01  5.185728e-01
  17  3.978265e-02  5.881647e-04  1.126486e-03  1.555334e+00  6.495400e-02  8.751371e-01  4.570401e-01
  18  3.371762e+00  2.790394e-02  6.155737e-02  1.727795e+00  8.728510e-02  1.465991e-01  3.473743e-01
  19  1.668003e+00  1.019741e-02  3.359374e-02  1.727795e+00  8.728510e-02  2.468709e-01  3.749786e-01
  20  9.620693e-01  7.019893e-03  1.838152e-02  1.727795e+00  8.728510e-02  3.470569e-01  4.082050e-01
  21  4.525511e-01  3.215125e-03  1.081746e-02  1.727795e+00  8.728510e-02  4.880793e-01  4.544263e-01
  22  2.014709e-01  2.218535e-03  4.203910e-03  1.727795e+00  8.728510e-02  6.912402e-01  4.979716e-01
  23  5.082117e-02  7.230779e-04  1.373982e-03  1.727795e+00  8.728510e-02  8.774949e-01  4.460376e-01
  24  3.219128e+00  2.671697e-02  7.356400e-02  2.173184e+00  1.175628e-01  1.446831e-01  3.269980e-01
  25  1.622395e+00  1.010800e-02  3.253053e-02  2.173184e+00  1.175628e-01  2.457782e-01  3.660942e-01
  26  9.254032e-01  6.824490e-03  2.067670e-02  2.173184e+00  1.175628e-01  3.460310e-01  3.976668e-01
  27  4.424739e-01  3.165265e-03  1.441882e-02  2.173184e+00  1.175628e-01  4.876259e-01  4.468464e-01
  28  1.896762e-01  2.174227e-03  6.925207e-03  2.173184e+00  1.175628e-01  6.903494e-01  5.041603e-01
  29  5.536255e-02  7.442811e-04  2.179128e-03  2.173184e+00  1.175628e-01  8.794870e-01  4.231141e-01
  30  3.162013e+00  3.502773e-02  7.723845e-02  3.167519e+00  1.656187e-01  1.431763e-01  3.248337e-01
  31  1.606065e+00  1.224250e-02  3.385434e-02  3.167230e+00  1.656179e-01  2.449578e-01  3.640308e-01
  32  9.217741e-01  8.063353e-03  1.869727e-02  3.167230e+00  1.656179e-01  3.453869e-01  3.944272e-01
  33  4.390994e-01  3.614248e-03  1.283952e-02  3.167230e+00  1.656179e-01  4.857069e-01  4.465252e-01
  34  1.794962e-01  2.377390e-03  5.815779e-03  3.167230e+00  1.656179e-01  6.883168e-01  5.028311e-01
  35  5.205282e-02  8.319484e-04  1.900857e-03  3.167230e+00  1.656179e-01  8.827890e-01  4.207422e-01
  36  3.281996e+00  5.026104e-02  8.745273e-02  4.877871e+00  2.397462e-01  1.429296e-01  3.249120e-01
  37  1.660654e+00  1.679707e-02  2.708542e-02  4.877871e+00  2.397462e-01  2.453339e-01  3.653614e-01
  38  9.370271e-01  1.065440e-02  1.517986e-02  4.877871e+00  2.397462e-01  3.456628e-01  3.931643e-01
  39  4.218343e-01  4.540229e-03  1.528357e-02  4.877871e+00  2.397462e-01  4.837907e-01  4.439540e-01
  40  1.719959e-01  2.949873e-03  6.081484e-03  4.877871e+00  2.397462e-01  6.866522e-01  4.862128e-01
  41  5.025794e-02  1.106888e-03  1.719910e-03  4.877871e+00  2.397462e-01  8.780868e-01  4.473926e-01
  42  3.535901e+00  1.241483e-01  8.847035e-02  7.476752e+00  3.397011e-01  1.432738e-01  3.333426e-01
  43  1.734944e+00  3.666986e-02  3.607876e-02  7.476752e+00  3.397011e-01  2.453108e-01  3.655324e-01
  44  9.789215e-01  2.404595e-02  1.786288e-02  7.476752e+00  3.397011e-01  3.449502e-01  4.017465e-01
  45  4.342320e-01  9.936595e-03  1.279561e-02  7.476752e+00  3.397011e-01  4.831996e-01  4.412887e-01
  46  1.548882e-01  6.085692e-03  5.450204e-03  7.476752e+00  3.397011e-01  6.865958e-01  4.868334e-01
  47  4.944116e-02  2.355750e-03  1.751083e-03  7.476752e+00  3.397011e-01  8.771915e-01  4.585759e-01
  48  3.673571e+00  2.728555e-01  1.055670e-01  1.023081e+01  4.513249e-01  1.435488e-01  3.304389e-01
  49  1.725949e+00  7.207718e-02  6.517678e-02  1.023553e+01  4.514712e-01  2.451454e-01  3.482470e-01
  50  1.003942e+00  4.947298e-02  1.845942e-02  1.023497e+01  4.514519e-01  3.450937e-01  4.064661e-01
  51  4.230969e-01  2.081388e-02  1.295830e-02  1.023497e+01  4.514519e-01  4.818218e-01  4.387819e-01
  52  1.753633e-01  1.281648e-02  5.569806e-03  1.023497e+01  4.514519e-01  6.860646e-01  4.661966e-01
  53  4.327278e-02  5.180503e-03  1.432535e-03  1.023497e+01  4.514519e-01  8.661362e-01  4.719068e-01
