#************************************************************************
# 
#    These are published data of the HERMES Collaboration.
#    You are free to use these data in any publication. 
#    However, you must make a reference to the following publication:
# 
#    A. Airapetian et al, Phys. Rev. D 87 (2013) 074029 
# 
#************************************************************************
# 
# Kaon charge asymmetry from HERMES
# Configuration: zx-3D (x: 9, z: 6, Php: 4)
# Projected to: 2D (x: 9, z: 6)
# Target: H
# Optional settings: VM subtracted
#
#  i      A(K+,K-)    stat (+/-)    syst (+/-)            Q2             x             z           Php
   0  1.720836e-01  2.268087e-02  6.201270e-02  1.193053e+00  3.352578e-02  1.607582e-01  4.096357e-01
   1  2.337258e-01  1.472182e-02  4.503080e-02  1.193053e+00  3.352578e-02  2.626495e-01  4.399140e-01
   2  2.558520e-01  1.796422e-02  3.917540e-02  1.193053e+00  3.352578e-02  3.614453e-01  4.706993e-01
   3  3.907441e-01  1.703537e-02  2.821627e-02  1.193053e+00  3.352578e-02  4.973681e-01  4.991678e-01
   4  5.104252e-01  2.784021e-02  3.026801e-02  1.193053e+00  3.352578e-02  6.910075e-01  5.261458e-01
   5  6.069884e-01  1.158495e-01  3.115204e-02  1.193053e+00  3.352578e-02  8.711468e-01  4.965868e-01
   6  1.529670e-01  2.526869e-02  5.845734e-02  1.378543e+00  4.769428e-02  1.528410e-01  3.779892e-01
   7  2.307710e-01  1.298600e-02  4.100480e-02  1.378543e+00  4.769428e-02  2.524063e-01  4.046160e-01
   8  3.272442e-01  1.428914e-02  3.020402e-02  1.378543e+00  4.769428e-02  3.518460e-01  4.428472e-01
   9  4.144004e-01  1.285280e-02  2.110589e-02  1.378543e+00  4.769428e-02  4.901539e-01  4.858673e-01
  10  5.315872e-01  1.955502e-02  2.590783e-02  1.378543e+00  4.769428e-02  6.896580e-01  5.226646e-01
  11  8.016634e-01  3.666389e-02  2.735695e-02  1.378543e+00  4.769428e-02  8.753556e-01  4.748759e-01
  12  1.683250e-01  2.676715e-02  5.432305e-02  1.546139e+00  6.499065e-02  1.483549e-01  3.483042e-01
  13  2.102133e-01  1.347528e-02  3.612315e-02  1.546139e+00  6.499065e-02  2.491952e-01  3.860707e-01
  14  3.351176e-01  1.303677e-02  2.472305e-02  1.546139e+00  6.499065e-02  3.487568e-01  4.184407e-01
  15  4.572559e-01  1.118881e-02  1.879327e-02  1.546139e+00  6.499065e-02  4.882907e-01  4.655187e-01
  16  6.150890e-01  1.664492e-02  2.797428e-02  1.546139e+00  6.499065e-02  6.889007e-01  5.183124e-01
  17  8.798920e-01  2.066849e-02  2.571641e-02  1.546139e+00  6.499065e-02  8.770551e-01  4.757473e-01
  18  1.282253e-01  2.716758e-02  5.015994e-02  1.713564e+00  8.733686e-02  1.456407e-01  3.356321e-01
  19  2.469045e-01  1.496422e-02  3.097188e-02  1.713564e+00  8.733686e-02  2.470963e-01  3.717593e-01
  20  3.912418e-01  1.411671e-02  1.809417e-02  1.713564e+00  8.733686e-02  3.471642e-01  3.993134e-01
  21  5.194377e-01  1.126063e-02  1.841960e-02  1.713564e+00  8.733686e-02  4.879435e-01  4.502207e-01
  22  6.796837e-01  1.436944e-02  2.525737e-02  1.713564e+00  8.733686e-02  6.914318e-01  5.138242e-01
  23  9.200800e-01  1.818887e-02  2.418912e-02  1.713564e+00  8.733686e-02  8.808805e-01  4.451357e-01
  24  1.573935e-01  2.705542e-02  4.708882e-02  2.159913e+00  1.176152e-01  1.441690e-01  3.262600e-01
  25  2.433903e-01  1.588940e-02  2.683560e-02  2.159913e+00  1.176152e-01  2.456020e-01  3.643265e-01
  26  4.152416e-01  1.401288e-02  1.607729e-02  2.159913e+00  1.176152e-01  3.459593e-01  3.946973e-01
  27  5.407108e-01  1.102266e-02  1.971403e-02  2.159913e+00  1.176152e-01  4.869206e-01  4.475415e-01
  28  7.089547e-01  1.429728e-02  2.611629e-02  2.159913e+00  1.176152e-01  6.912204e-01  5.114492e-01
  29  9.475326e-01  1.555432e-02  2.533099e-02  2.159913e+00  1.176152e-01  8.840193e-01  4.301217e-01
  30  1.368291e-01  5.174267e-02  4.610670e-02  3.161097e+00  1.658096e-01  1.432191e-01  3.209753e-01
  31  2.534318e-01  2.011731e-02  2.659328e-02  3.161097e+00  1.658096e-01  2.455885e-01  3.603688e-01
  32  4.428552e-01  1.679830e-02  1.434946e-02  3.161097e+00  1.658096e-01  3.457855e-01  3.966420e-01
  33  5.885914e-01  1.238553e-02  2.218080e-02  3.161097e+00  1.658096e-01  4.855775e-01  4.500734e-01
  34  7.468062e-01  1.596939e-02  2.767721e-02  3.161097e+00  1.658096e-01  6.912800e-01  5.078034e-01
  35  9.305378e-01  1.651701e-02  2.727173e-02  3.161097e+00  1.658096e-01  8.853649e-01  4.175420e-01
  36  2.070462e-01  5.746998e-02  5.947591e-02  4.883031e+00  2.402296e-01  1.432624e-01  3.227945e-01
  37  2.925144e-01  2.584979e-02  4.066169e-02  4.883031e+00  2.402296e-01  2.451377e-01  3.616893e-01
  38  4.546003e-01  2.251258e-02  2.808415e-02  4.883031e+00  2.402296e-01  3.454405e-01  3.988574e-01
  39  6.036606e-01  1.561233e-02  2.425151e-02  4.883031e+00  2.402296e-01  4.840955e-01  4.476195e-01
  40  7.864615e-01  1.904276e-02  2.861113e-02  4.883031e+00  2.402296e-01  6.885274e-01  4.867094e-01
  41  8.890789e-01  5.123001e-02  2.843669e-02  4.883031e+00  2.402296e-01  8.852098e-01  4.364495e-01
  42  1.435404e-01  1.577591e-01  5.950101e-02  7.485365e+00  3.400887e-01  1.434686e-01  3.201528e-01
  43  3.037714e-01  5.600703e-02  4.092284e-02  7.485026e+00  3.401204e-01  2.451480e-01  3.721695e-01
  44  5.084250e-01  4.874524e-02  2.784807e-02  7.485026e+00  3.401204e-01  3.454491e-01  3.943459e-01
  45  5.490590e-01  3.544244e-02  2.315787e-02  7.485026e+00  3.401204e-01  4.837260e-01  4.491346e-01
  46  8.759587e-01  3.909991e-02  2.834053e-02  7.485026e+00  3.401204e-01  6.867983e-01  4.742790e-01
  47  8.773199e-01  5.225502e-02  2.849268e-02  7.485026e+00  3.401204e-01  8.846009e-01  4.413416e-01
  48  2.913994e-01  2.389298e-01  6.090347e-02  1.024579e+01  4.520963e-01  1.429416e-01  3.390078e-01
  49  3.465147e-01  1.546879e-01  4.112986e-02  1.024304e+01  4.520621e-01  2.450478e-01  3.570428e-01
  50  4.181538e-01  9.663535e-02  2.865868e-02  1.024320e+01  4.520868e-01  3.464194e-01  4.045828e-01
  51  6.314096e-01  7.685616e-02  2.428007e-02  1.024320e+01  4.520868e-01  4.834584e-01  4.321149e-01
  52  7.422589e-01  1.043034e-01  2.860307e-02  1.024320e+01  4.520868e-01  6.912479e-01  5.199201e-01
  53 -1.052099e+00  1.331148e-02  2.814789e-02  1.024320e+01  4.520868e-01  8.791482e-01  4.570564e-01
