#************************************************************************
# 
#    These are published data of the HERMES Collaboration.
#    You are free to use these data in any publication. 
#    However, you must make a reference to the following publication:
# 
#    A. Airapetian et al, Phys. Rev. D 87 (2013) 074029 
# 
#************************************************************************
# 
# K- target asymmetries from HERMES
# Configuration: zx-3D (x: 9, z: 6, Php: 4)
# Projected to: 2D (x: 9, z: 6)
# Optional settings: VM subtracted
#
#  i         asymm    stat (+/-)    syst (+/-)            Q2             x             z           Php
   0  3.449458e-03  2.356689e-02  3.966218e-02  1.193089e+00  3.352564e-02  1.541677e-01  4.165554e-01
   1  1.712217e-02  1.629268e-02  8.155902e-03  1.193053e+00  3.352578e-02  2.567352e-01  4.466455e-01
   2 -3.610598e-02  2.062439e-02  4.672136e-03  1.193053e+00  3.352578e-02  3.532086e-01  4.747392e-01
   3  1.641605e-02  2.196660e-02  8.554778e-03  1.193053e+00  3.352578e-02  4.927786e-01  5.134139e-01
   4  5.618351e-03  4.510021e-02  3.787582e-02  1.193053e+00  3.352578e-02  6.765926e-01  5.437509e-01
   5  1.305217e-01  1.963098e-01  3.905261e-02  1.193029e+00  3.352624e-02  8.660825e-01  5.037350e-01
   6  7.520223e-03  2.621906e-02  2.460846e-02  1.378543e+00  4.769428e-02  1.526856e-01  4.102630e-01
   7 -5.956446e-03  1.461092e-02  8.728259e-03  1.378543e+00  4.769428e-02  2.492942e-01  4.219626e-01
   8  1.610164e-03  1.753705e-02  6.490033e-03  1.378543e+00  4.769428e-02  3.474968e-01  4.508943e-01
   9  2.763188e-02  1.722235e-02  8.453760e-03  1.378543e+00  4.769428e-02  4.884257e-01  4.999531e-01
  10 -6.248400e-02  3.282676e-02  3.650617e-02  1.378543e+00  4.769428e-02  6.785248e-01  5.100082e-01
  11  2.185126e-01  1.158247e-01  3.788690e-02  1.378669e+00  4.769382e-02  8.576183e-01  4.180372e-01
  12  5.281779e-02  2.732703e-02  2.416633e-02  1.546139e+00  6.499065e-02  1.487061e-01  4.018575e-01
  13  2.122289e-02  1.480770e-02  8.772419e-03  1.546139e+00  6.499065e-02  2.479106e-01  4.169980e-01
  14 -1.742151e-03  1.616746e-02  8.625296e-03  1.546139e+00  6.499065e-02  3.467859e-01  4.275646e-01
  15  3.979464e-02  1.603999e-02  8.167945e-03  1.546139e+00  6.499065e-02  4.825404e-01  4.665910e-01
  16  2.095909e-02  3.191044e-02  3.448457e-02  1.546139e+00  6.499065e-02  6.786426e-01  5.451877e-01
  17  4.784255e-02  1.176060e-01  3.451208e-02  1.546139e+00  6.499065e-02  8.466719e-01  5.144261e-01
  18  1.549780e-02  2.941001e-02  2.186370e-02  1.714241e+00  8.733658e-02  1.484771e-01  4.043099e-01
  19 -3.576089e-03  1.717018e-02  8.736876e-03  1.713564e+00  8.733686e-02  2.464350e-01  4.069131e-01
  20  4.994903e-02  1.838748e-02  1.066296e-02  1.713564e+00  8.733686e-02  3.465001e-01  4.202852e-01
  21  3.109814e-02  1.807011e-02  9.666763e-03  1.713564e+00  8.733686e-02  4.865214e-01  4.589557e-01
  22  6.108829e-02  3.252359e-02  3.400250e-02  1.713564e+00  8.733686e-02  6.785776e-01  4.929177e-01
  23  1.153178e-01  1.427010e-01  3.326016e-02  1.710716e+00  8.733842e-02  8.402062e-01  5.291961e-01
  24 -1.279529e-02  2.911006e-02  2.113057e-02  2.159913e+00  1.176152e-01  1.462367e-01  3.733439e-01
  25  2.629878e-02  1.798195e-02  8.573241e-03  2.159913e+00  1.176152e-01  2.462695e-01  4.110416e-01
  26  4.862291e-02  1.904790e-02  1.168066e-02  2.159913e+00  1.176152e-01  3.460908e-01  4.346436e-01
  27  3.704872e-02  1.831775e-02  1.092186e-02  2.159913e+00  1.176152e-01  4.831529e-01  4.736223e-01
  28  4.244039e-02  3.528390e-02  3.127985e-02  2.159913e+00  1.176152e-01  6.759672e-01  5.063197e-01
  29  5.428208e-02  1.934891e-01  3.110411e-02  2.159276e+00  1.176120e-01  8.332932e-01  4.171189e-01
  30  4.937703e-02  4.140913e-02  2.725909e-02  3.161097e+00  1.658096e-01  1.448817e-01  3.787601e-01
  31  2.130643e-02  2.305750e-02  7.946333e-03  3.161097e+00  1.658096e-01  2.460169e-01  4.188625e-01
  32  5.240194e-02  2.385773e-02  9.483412e-03  3.161097e+00  1.658096e-01  3.435147e-01  4.335298e-01
  33  3.095876e-02  2.267221e-02  9.132149e-03  3.161097e+00  1.658096e-01  4.793829e-01  4.772679e-01
  34  7.393396e-02  4.397355e-02  3.129790e-02  3.161097e+00  1.658096e-01  6.693565e-01  5.077682e-01
  35  3.656483e-02  2.574224e-01  3.123223e-02  3.162259e+00  1.658177e-01  8.362854e-01  4.882130e-01
  36  7.215511e-02  6.144748e-02  3.614643e-02  4.882072e+00  2.402295e-01  1.444602e-01  3.703264e-01
  37 -4.899797e-02  3.185927e-02  1.486713e-02  4.883031e+00  2.402296e-01  2.432331e-01  4.475367e-01
  38  2.467973e-02  3.284356e-02  4.216165e-03  4.883031e+00  2.402296e-01  3.428634e-01  4.317850e-01
  39 -2.954088e-02  3.057373e-02  1.079671e-02  4.883031e+00  2.402296e-01  4.809892e-01  4.874898e-01
  40  1.809906e-02  6.729367e-02  4.326434e-02  4.883031e+00  2.402296e-01  6.721234e-01  4.671745e-01
  41  4.963804e-02  3.491281e-01  4.332549e-02  4.880826e+00  2.402047e-01  8.777536e-01  5.462549e-01
  42  1.985791e-01  1.622150e-01  3.659803e-02  7.484609e+00  3.401594e-01  1.451771e-01  3.612863e-01
  43  8.827223e-03  6.866428e-02  1.468252e-02  7.485026e+00  3.401204e-01  2.447641e-01  4.182988e-01
  44  7.092769e-02  7.808153e-02  4.666261e-03  7.485026e+00  3.401204e-01  3.479423e-01  4.249291e-01
  45 -1.878263e-02  6.497532e-02  1.046345e-02  7.485026e+00  3.401204e-01  4.793398e-01  4.844987e-01
  46  3.443277e-01  1.655001e-01  4.399724e-02  7.485637e+00  3.400942e-01  6.639816e-01  5.810902e-01
  47  6.548745e-02  3.244353e-01  4.328023e-02  7.483552e+00  3.401280e-01  8.467414e-01  3.723395e-01
  48  3.862956e-01  2.463914e-01  3.975680e-02  1.024511e+01  4.520704e-01  1.420227e-01  4.636369e-01
  49  2.204761e-01  1.443299e-01  1.571058e-02  1.024080e+01  4.520779e-01  2.517934e-01  3.935235e-01
  50  1.108300e-01  1.363833e-01  4.769103e-03  1.024289e+01  4.520375e-01  3.423310e-01  4.349946e-01
  51  4.809950e-02  1.521687e-01  2.096156e-02  1.024206e+01  4.520650e-01  4.758895e-01  4.879400e-01
  52  7.361176e-02  3.496681e-01  3.969796e-02  1.023601e+01  4.519060e-01  6.510787e-01  4.924642e-01
  53  0.000000e+00  0.000000e+00  0.000000e+00  0.000000e+00  0.000000e+00  0.000000e+00  0.000000e+00
