#************************************************************************
# 
#    These are published data of the HERMES Collaboration.
#    You are free to use these data in any publication. 
#    However, you must make a reference to the following publication:
# 
#    A. Airapetian et al, Phys. Rev. D 87 (2013) 074029 
# 
#************************************************************************
# 
# K+/pi+ multiplicity ratio from HERMES
# Configuration: zx-3D (x: 9, z: 6, Php: 4)
# Projected to: 2D (x: 9, z: 6)
# Target: H
# Optional settings: VM subtracted
#
#  i        K+/pi+    stat (+/-)    syst (+/-)            Q2             x             z           Php
   0  1.164189e-01  3.542154e-03  1.337156e-02  1.193053e+00  3.352578e-02  1.607582e-01  4.096357e-01
   1  1.493279e-01  3.065991e-03  8.810709e-03  1.193053e+00  3.352578e-02  2.626495e-01  4.399140e-01
   2  1.942994e-01  4.970808e-03  8.433805e-03  1.193053e+00  3.352578e-02  3.614453e-01  4.706993e-01
   3  2.483070e-01  6.341482e-03  1.159455e-02  1.193053e+00  3.352578e-02  4.973681e-01  4.991678e-01
   4  3.514432e-01  1.396668e-02  2.229525e-02  1.193053e+00  3.352578e-02  6.910075e-01  5.261458e-01
   5  4.569369e-01  5.710639e-02  2.637397e-02  1.193053e+00  3.352578e-02  8.711468e-01  4.965868e-01
   6  1.175064e-01  3.828609e-03  1.228772e-02  1.378543e+00  4.769428e-02  1.528410e-01  3.779892e-01
   7  1.559474e-01  2.840829e-03  7.969012e-03  1.378543e+00  4.769428e-02  2.524063e-01  4.046160e-01
   8  1.937759e-01  3.960780e-03  8.297443e-03  1.378543e+00  4.769428e-02  3.518460e-01  4.428472e-01
   9  2.539666e-01  4.840128e-03  1.122760e-02  1.378543e+00  4.769428e-02  4.901539e-01  4.858673e-01
  10  3.055614e-01  9.280217e-03  2.020725e-02  1.378543e+00  4.769428e-02  6.896580e-01  5.226646e-01
  11  3.374712e-01  1.650840e-02  2.108085e-02  1.378543e+00  4.769428e-02  8.753556e-01  4.748759e-01
  12  1.127702e-01  4.133963e-03  1.142890e-02  1.546139e+00  6.499065e-02  1.483549e-01  3.483042e-01
  13  1.428607e-01  2.643071e-03  7.567463e-03  1.546139e+00  6.499065e-02  2.491952e-01  3.860707e-01
  14  1.951330e-01  3.686721e-03  7.973091e-03  1.546139e+00  6.499065e-02  3.487568e-01  4.184407e-01
  15  2.458376e-01  4.150480e-03  1.041961e-02  1.546139e+00  6.499065e-02  4.882907e-01  4.655187e-01
  16  2.941829e-01  8.037064e-03  1.868571e-02  1.546139e+00  6.499065e-02  6.889007e-01  5.183124e-01
  17  3.206951e-01  1.173850e-02  1.940052e-02  1.546139e+00  6.499065e-02  8.770551e-01  4.757473e-01
  18  1.074530e-01  3.673069e-03  9.819458e-03  1.713564e+00  8.733686e-02  1.456407e-01  3.356321e-01
  19  1.366617e-01  2.806056e-03  6.423754e-03  1.713564e+00  8.733686e-02  2.470963e-01  3.717593e-01
  20  1.838635e-01  3.740989e-03  7.695239e-03  1.713564e+00  8.733686e-02  3.471642e-01  3.993134e-01
  21  2.431179e-01  4.263188e-03  9.900188e-03  1.713564e+00  8.733686e-02  4.879435e-01  4.502207e-01
  22  2.948775e-01  7.788078e-03  1.755599e-02  1.713564e+00  8.733686e-02  6.914318e-01  5.138242e-01
  23  2.493183e-01  9.147146e-03  1.634714e-02  1.713564e+00  8.733686e-02  8.808805e-01  4.451357e-01
  24  1.089308e-01  3.868735e-03  8.215817e-03  2.159913e+00  1.176152e-01  1.441690e-01  3.262600e-01
  25  1.292479e-01  2.783260e-03  6.011987e-03  2.159913e+00  1.176152e-01  2.456020e-01  3.643265e-01
  26  1.821680e-01  3.644157e-03  7.197064e-03  2.159913e+00  1.176152e-01  3.459593e-01  3.946973e-01
  27  2.369791e-01  4.122831e-03  9.337677e-03  2.159913e+00  1.176152e-01  4.869206e-01  4.475415e-01
  28  2.859126e-01  7.506461e-03  1.510906e-02  2.159913e+00  1.176152e-01  6.912204e-01  5.114492e-01
  29  2.347829e-01  8.421572e-03  1.388582e-02  2.159913e+00  1.176152e-01  8.840193e-01  4.301217e-01
  30  1.020778e-01  8.740405e-03  7.733852e-03  3.161097e+00  1.658096e-01  1.432191e-01  3.209753e-01
  31  1.332190e-01  3.584609e-03  6.652572e-03  3.161097e+00  1.658096e-01  2.455885e-01  3.603688e-01
  32  1.885168e-01  4.493983e-03  8.134694e-03  3.161097e+00  1.658096e-01  3.457855e-01  3.966420e-01
  33  2.447083e-01  4.928312e-03  1.039890e-02  3.161097e+00  1.658096e-01  4.855775e-01  4.500734e-01
  34  2.897498e-01  8.669377e-03  1.492293e-02  3.161097e+00  1.658096e-01  6.912800e-01  5.078034e-01
  35  2.189253e-01  8.963913e-03  1.299187e-02  3.161097e+00  1.658096e-01  8.853649e-01  4.175420e-01
  36  1.238500e-01  9.293736e-03  1.093925e-02  4.883031e+00  2.402296e-01  1.432624e-01  3.227945e-01
  37  1.570647e-01  5.470947e-03  8.022666e-03  4.883031e+00  2.402296e-01  2.451377e-01  3.616893e-01
  38  1.901938e-01  5.899998e-03  7.888042e-03  4.883031e+00  2.402296e-01  3.454405e-01  3.988574e-01
  39  2.672835e-01  6.748489e-03  1.065875e-02  4.883031e+00  2.402296e-01  4.840955e-01  4.476195e-01
  40  2.913672e-01  1.131950e-02  1.691817e-02  4.883031e+00  2.402296e-01  6.885274e-01  4.867094e-01
  41  2.267782e-01  1.214705e-02  1.533133e-02  4.883031e+00  2.402296e-01  8.852098e-01  4.364495e-01
  42  9.630063e-02  2.247425e-02  1.082887e-02  7.485365e+00  3.400887e-01  1.434686e-01  3.201528e-01
  43  1.503304e-01  1.190966e-02  8.345861e-03  7.485026e+00  3.401204e-01  2.451480e-01  3.721695e-01
  44  2.005102e-01  1.375877e-02  7.927809e-03  7.485026e+00  3.401204e-01  3.454491e-01  3.943459e-01
  45  2.460262e-01  1.353685e-02  8.707475e-03  7.485026e+00  3.401204e-01  4.837260e-01  4.491346e-01
  46  3.343259e-01  2.656013e-02  1.652763e-02  7.485026e+00  3.401204e-01  6.867983e-01  4.742790e-01
  47  2.815607e-01  3.268219e-02  1.561972e-02  7.485026e+00  3.401204e-01  8.846009e-01  4.413416e-01
  48  1.468749e-01  3.844996e-02  1.204453e-02  1.024579e+01  4.520963e-01  1.429416e-01  3.390078e-01
  49  1.220567e-01  3.234659e-02  8.935035e-03  1.024304e+01  4.520621e-01  2.450478e-01  3.570428e-01
  50  1.850614e-01  2.576523e-02  7.887746e-03  1.024320e+01  4.520868e-01  3.464194e-01  4.045828e-01
  51  3.071726e-01  2.900283e-02  1.062261e-02  1.024320e+01  4.520868e-01  4.834584e-01  4.321149e-01
  52  3.039534e-01  5.072916e-02  1.579773e-02  1.024320e+01  4.520868e-01  6.912479e-01  5.199201e-01
  53  4.317321e-01  1.148627e-01  1.782034e-02  1.024320e+01  4.520868e-01  8.791482e-01  4.570564e-01
